0 0 0 0 1 0
0 0 0 1 0.971452 27.8574
0 0 0 2 1.01442 70.4783
0 0 0 3 0.995432 20.3135
0 0 0 4 1.01891 98.8905
0 0 0 5 0.985347 35.9719
0 0 0 6 1.00784 47.7943
0 0 0 7 0.986508 16.4105
0 0 0 8 1.01583 53.5295
0 0 0 9 0.982544 23.5717
0 0 0 10 1.00479 93.1245
0 0 0 11 0 0
0 0 0 12 0.976769 133.886
0 0 0 13 1.00781 53.3052
0 0 0 14 0.977072 39.5823
0 0 0 15 1.00689 40.8453
0 0 0 16 1.00194 74.5326
0 0 0 17 0.99082 57.8082
0 0 0 18 0.997733 44.3809
0 0 0 19 0.986377 81.3368
0 0 0 20 1.01933 1.1637
0 0 0 21 0.999728 85.456
0 0 0 22 0 0
0 0 0 23 1.00073 50.6862
0 0 0 24 1.00076 39.7762
0 0 0 25 1.02416 72.4267
0 0 0 26 1.03181 48.4318
0 0 0 27 0.991891 70.0644
0 0 0 28 1.00556 69.696
0 0 0 29 1.01998 -19.9135
0 0 0 30 1.0297 19.0347
0 0 0 31 1.03012 56.8233
0 0 0 32 1.05243 45.0464
0 0 0 33 1.01791 39.3165
0 0 0 34 1.04653 76.8362
0 0 0 35 1.04437 21.7181
0 0 0 36 1.0603 -26.9615
0 0 0 37 1.03675 6.50525
0 0 0 38 1.04378 47.9475
0 0 0 39 1.03468 52.7689
0 0 0 40 1.0367 51.8626
0 0 0 41 1.0265 49.3246
0 0 0 42 1.05111 23.271
0 0 0 43 1.02208 51.1019
0 0 0 44 1.04217 63.7845
0 0 0 45 0 0
0 0 0 46 1.02734 -0.584885
0 0 0 47 1.04459 17.9847
0 0 0 48 1.01325 -40.2933
0 0 0 49 1.02842 20.8172
0 0 0 50 1.02203 21.6831
0 0 0 51 1.03481 19.8276
0 0 0 52 1.0307 17.4045
0 0 0 53 1.03483 -47.5738
0 0 0 54 1.02421 74.108
0 0 0 55 1.05457 -41.7854
0 0 0 56 0 0
0 0 0 57 1.02832 47.9879
0 0 0 58 1.00803 21.7863
0 0 0 59 1.02449 -3.69884
0 0 0 60 1.05057 75.2903
0 0 0 61 1.02661 53.2983
0 0 0 62 1.00749 17.3463
0 0 0 63 1.01544 10.2286
0 0 0 64 1.05159 78.6887
0 0 0 65 1.02571 -16.7121
0 0 0 66 1.0453 27.1306
0 0 0 67 1.008 -34.3275
0 0 1 0 1.01196 12.6763
0 0 1 1 0.986011 63.3997
0 0 1 2 1.02238 54.4223
0 0 1 3 1.00637 -6.95833
0 0 1 4 1.00898 39.2028
0 0 1 5 1.0006 36.3431
0 0 1 6 1.01577 55.1552
0 0 1 7 0.933557 117.768
0 0 1 8 1.02293 52.8556
0 0 1 9 0.996505 81.9232
0 0 1 10 1.01692 56.0496
0 0 1 11 0 0
0 0 1 12 0 0
0 0 1 13 1.02237 67.0452
0 0 1 14 0.984593 106.927
0 0 1 15 1.03746 6.98184
0 0 1 16 1.02057 23.2521
0 0 1 17 1.00467 172.136
0 0 1 18 1.02774 115.018
0 0 1 19 0.997273 96.0135
0 0 1 20 1.02418 93.3958
0 0 1 21 0 0
0 0 1 22 0 0
0 0 1 23 1.00566 125.521
0 0 1 24 1.01678 129.766
0 0 1 25 1.04446 60.906
0 0 1 26 0.934419 86.5561
0 0 1 27 1.00826 73.1513
0 0 1 28 1.02027 119.607
0 0 1 29 1.03943 90.652
0 0 1 30 1.00496 70.8839
0 0 1 31 1.05602 136.724
0 0 1 32 1.06243 21.3518
0 0 1 33 1.02235 68.9185
0 0 1 34 1.00196 27.1021
0 0 1 35 0 0
0 0 1 36 1.05278 52.8757
0 0 1 37 1.0324 66.7714
0 0 1 38 1.02895 52.5495
0 0 1 39 1.02727 15.7349
0 0 1 40 1.03744 61.3382
0 0 1 41 1.01886 73.945
0 0 1 42 1.00884 94.8773
0 0 1 43 1.01173 78.1786
0 0 1 44 1.02777 36.9394
0 0 1 45 0 0
0 0 1 46 1.01319 94.5746
0 0 1 47 1.02938 131.08
0 0 1 48 0.975471 65.4187
0 0 1 49 1.01677 129.213
0 0 1 50 1.0022 54.6593
0 0 1 51 1.02092 119.116
0 0 1 52 1.03468 22.5367
0 0 1 53 1.01798 77.0274
0 0 1 54 1.01939 74.5154
0 0 1 55 1.03031 81.3007
0 0 1 56 0 0
0 0 1 57 1.01807 49.8243
0 0 1 58 0.998597 86.5851
0 0 1 59 1.0037 148.121
0 0 1 60 1.0287 121.459
0 0 1 61 1.01553 77.7131
0 0 1 62 0.827355 150.917
0 0 1 63 1.01609 102.209
0 0 1 64 1.03425 50.114
0 0 1 65 1.00129 30.5727
0 0 1 66 1.0358 43.4507
0 0 1 67 0.92148 132.247
0 0 2 0 1.03072 -12.1209
0 0 2 1 0.998465 60.447
0 0 2 2 1.03094 10.4377
0 0 2 3 1.01828 -9.28754
0 0 2 4 1.03622 6.4267
0 0 2 5 1.00247 24.1204
0 0 2 6 1.02692 31.9206
0 0 2 7 1.02985 -21.45
0 0 2 8 1.03688 -13.5574
0 0 2 9 1.00075 9.88658
0 0 2 10 1.03877 3.6718
0 0 2 11 0 0
0 0 2 12 1.02875 16.9673
0 0 2 13 1.03001 62.0016
0 0 2 14 1.00547 11.7895
0 0 2 15 1.04648 43.936
0 0 2 16 1.04372 -60.6765
0 0 2 17 1.01817 0.993841
0 0 2 18 1.04538 -25.881
0 0 2 19 1.02245 31.9162
0 0 2 20 1.04141 -27.7863
0 0 2 21 1.06066 -2.18117
0 0 2 22 0 0
0 0 2 23 1.04039 -56.3702
0 0 2 24 1.03915 29.4095
0 0 2 25 1.06674 -13.0724
0 0 2 26 1.09122 15.2297
0 0 2 27 1.05302 29.0175
0 0 2 28 1.06006 65.262
0 0 2 29 1.06944 -7.3242
0 0 2 30 1.09621 -13.6047
0 0 2 31 1.1004 -61.1097
0 0 2 32 1.10455 -28.274
0 0 2 33 1.06316 -10.6784
0 0 2 34 1.07077 -42.5324
0 0 2 35 1.07963 0.420258
0 0 2 36 1.07154 -66.565
0 0 2 37 1.05786 -42.5105
0 0 2 38 1.05898 -13.6145
0 0 2 39 1.05672 12.8474
0 0 2 40 1.07657 -6.76891
0 0 2 41 1.04293 -44.4219
0 0 2 42 1.06917 -38.5573
0 0 2 43 1.04015 39.2117
0 0 2 44 1.05889 64.5085
0 0 2 45 0 0
0 0 2 46 1.04009 36.6873
0 0 2 47 1.0679 -7.71118
0 0 2 48 1.05412 -9.8164
0 0 2 49 1.0588 -70.8012
0 0 2 50 1.0365 16.8516
0 0 2 51 1.03052 11.5543
0 0 2 52 1.0542 65.0086
0 0 2 53 1.03228 25.3192
0 0 2 54 1.04437 -16.7955
0 0 2 55 1.06178 -17.1673
0 0 2 56 0 0
0 0 2 57 1.04274 -10.4687
0 0 2 58 1.04159 -35.9902
0 0 2 59 1.04085 -5.02843
0 0 2 60 1.06108 14.5726
0 0 2 61 1.03465 34.3933
0 0 2 62 1.03299 0.984148
0 0 2 63 1.03007 -18.5664
0 0 2 64 1.06562 -77.4713
0 0 2 65 1.0294 33.3179
0 0 2 66 1.0591 -0.659584
0 0 2 67 1.0198 53.0045
0 0 3 0 1.02028 30.8774
0 0 3 1 0.994921 59.6629
0 0 3 2 1.03684 42.2983
0 0 3 3 1.01973 -18.0203
0 0 3 4 1.02399 59.2613
0 0 3 5 0.986589 71.6786
0 0 3 6 1.02141 99.3467
0 0 3 7 1.01573 2.4648
0 0 3 8 1.03252 8.25698
0 0 3 9 0.997977 -14.5714
0 0 3 10 1.03291 -1.0842
0 0 3 11 0 0
0 0 3 12 1.01973 57.6653
0 0 3 13 1.01852 117.993
0 0 3 14 0.996021 89.0638
0 0 3 15 1.03353 156.603
0 0 3 16 1.03859 59.3763
0 0 3 17 1.01833 9.39179
0 0 3 18 1.02649 34.073
0 0 3 19 1.00962 70.0187
0 0 3 20 1.04549 73.3534
0 0 3 21 0 0
0 0 3 22 0 0
0 0 3 23 1.01298 29.6658
0 0 3 24 1.02728 86.5022
0 0 3 25 1.03774 80.0304
0 0 3 26 1.06337 26.3405
0 0 3 27 1.02184 40.4834
0 0 3 28 1.03317 114.237
0 0 3 29 1.04355 42.0115
0 0 3 30 1.04851 83.716
0 0 3 31 1.06046 36.0081
0 0 3 32 1.06629 49.2624
0 0 3 33 1.03589 80.9312
0 0 3 34 1.02913 81.4397
0 0 3 35 1.04198 58.6233
0 0 3 36 1.03561 49.3151
0 0 3 37 1.03084 58.0018
0 0 3 38 1.02651 53.127
0 0 3 39 1.0171 96.8259
0 0 3 40 0.857139 155.478
0 0 3 41 1.01581 6.923
0 0 3 42 1.04231 62.8252
0 0 3 43 1.01625 46.6065
0 0 3 44 1.02096 84.1733
0 0 3 45 0 0
0 0 3 46 1.01716 30.6287
0 0 3 47 1.04703 13.8445
0 0 3 48 1.0247 99.4317
0 0 3 49 1.01434 131.866
0 0 3 50 1.02003 97.1208
0 0 3 51 1.01044 26.7678
0 0 3 52 1.02723 88.1436
0 0 3 53 1.02073 123.446
0 0 3 54 1.01085 65.5936
0 0 3 55 1.03804 25.8381
0 0 3 56 0 0
0 0 3 57 1.01051 89.4419
0 0 3 58 1.00935 118.517
0 0 3 59 1.00621 70.5176
0 0 3 60 1.02493 102.47
0 0 3 61 1.01283 59.1399
0 0 3 62 1.00737 61.6247
0 0 3 63 1.01322 104.767
0 0 3 64 1.02551 72.9186
0 0 3 65 1.01616 55.6969
0 0 3 66 1.02423 52.8316
0 0 3 67 1.00482 37.5961
0 1 0 0 1.12396 117.374
0 1 0 1 1.11621 109.427
0 1 0 2 1.13493 135.577
0 1 0 3 1.09717 122.75
0 1 0 4 1.11944 114.377
0 1 0 5 1.08254 23.9317
0 1 0 6 1.11406 136.353
0 1 0 7 1.08505 144.992
0 1 0 8 1.13308 78.8273
0 1 0 9 1.0927 100.597
0 1 0 10 1.1192 50.9086
0 1 0 11 0 0
0 1 0 12 1.10172 126.418
0 1 0 13 1.12512 13.5942
0 1 0 14 1.09264 58.4141
0 1 0 15 1.10242 108.534
0 1 0 16 1.1098 66.8978
0 1 0 17 1.09319 26.0382
0 1 0 18 1.13042 25.7375
0 1 0 19 1.08501 61.3451
0 1 0 20 1.1126 83.5852
0 1 0 21 1.10148 -13.546
0 1 0 22 0 0
0 1 0 23 1.09924 97.2889
0 1 0 24 1.09586 74.9795
0 1 0 25 1.09891 -4.39805
0 1 0 26 1.1114 5.99799
0 1 0 27 1.09436 -20.1095
0 1 0 28 1.09551 58.6464
0 1 0 29 1.10779 26.4232
0 1 0 30 1.11079 18.3718
0 1 0 31 1.11019 83.4929
0 1 0 32 1.12106 12.1982
0 1 0 33 1.07827 20.0231
0 1 0 34 1.09602 47.777
0 1 0 35 1.08974 74.2955
0 1 0 36 1.08507 26.9814
0 1 0 37 1.101 42.4789
0 1 0 38 1.07969 -18.9887
0 1 0 39 1.06817 80.6299
0 1 0 40 1.11357 59.9408
0 1 0 41 1.07925 45.7705
0 1 0 42 1.11724 28.134
0 1 0 43 1.08076 -2.24307
0 1 0 44 1.0823 54.9229
0 1 0 45 0 0
0 1 0 46 1.06888 63.1209
0 1 0 47 1.09428 29.3776
0 1 0 48 1.07583 109.572
0 1 0 49 1.10179 73.4956
0 1 0 50 1.0789 86.2077
0 1 0 51 1.09477 26.6135
0 1 0 52 1.09031 83.8426
0 1 0 53 1.08171 93.8271
0 1 0 54 1.09172 127.714
0 1 0 55 1.12568 38.7245
0 1 0 56 0 0
0 1 0 57 1.0922 75.217
0 1 0 58 1.07339 88.3752
0 1 0 59 1.08734 58.2046
0 1 0 60 1.11603 54.59
0 1 0 61 1.07837 130.241
0 1 0 62 1.10501 86.0926
0 1 0 63 1.10431 76.8786
0 1 0 64 1.11854 137.569
0 1 0 65 1.09789 94.2084
0 1 0 66 1.12061 78.4517
0 1 0 67 1.08344 91.2334
0 1 1 0 1.07946 59.5367
0 1 1 1 1.07365 61.0086
0 1 1 2 1.08495 7.81022
0 1 1 3 1.0685 -13.5231
0 1 1 4 1.10019 104.916
0 1 1 5 1.06224 90.0425
0 1 1 6 1.0834 57.6558
0 1 1 7 1.07207 -16.7895
0 1 1 8 1.1058 -29.8366
0 1 1 9 1.07277 -31.6868
0 1 1 10 1.10229 22.5567
0 1 1 11 0 0
0 1 1 12 1.06754 -13.0806
0 1 1 13 1.08465 31.746
0 1 1 14 1.06679 1.63272
0 1 1 15 1.11019 -54.5994
0 1 1 16 1.09161 93.3639
0 1 1 17 1.0571 107.72
0 1 1 18 1.09627 -22.497
0 1 1 19 1.06356 10.0013
0 1 1 20 1.10152 34.4865
0 1 1 21 1.08638 11.9683
0 1 1 22 0 0
0 1 1 23 1.06234 1.68901
0 1 1 24 0 0
0 1 1 25 1.10793 10.0666
0 1 1 26 1.08837 -27.1923
0 1 1 27 1.07977 -23.7635
0 1 1 28 1.07663 -39.0273
0 1 1 29 1.0837 -35.6101
0 1 1 30 1.10472 34.8724
0 1 1 31 1.10874 -37.8665
0 1 1 32 1.08831 -31.2704
0 1 1 33 1.08048 -31.2722
0 1 1 34 1.06377 -6.23041
0 1 1 35 1.09379 30.8655
0 1 1 36 1.08807 -33.7322
0 1 1 37 1.07177 51.925
0 1 1 38 1.05149 25.0528
0 1 1 39 1.05252 31.5758
0 1 1 40 1.0834 98.1627
0 1 1 41 1.05379 -20.9456
0 1 1 42 1.10055 31.5396
0 1 1 43 1.0545 10.5139
0 1 1 44 1.07266 50.2392
0 1 1 45 0 0
0 1 1 46 1.0513 39.3385
0 1 1 47 1.08313 -25.5894
0 1 1 48 1.04247 68.6028
0 1 1 49 1.05665 89.4765
0 1 1 50 1.06482 45.6988
0 1 1 51 1.07144 51.944
0 1 1 52 1.08518 46.8581
0 1 1 53 1.06232 -23.0715
0 1 1 54 1.05728 73.6867
0 1 1 55 1.09234 6.34603
0 1 1 56 0 0
0 1 1 57 1.03859 82.4719
0 1 1 58 1.04156 40.199
0 1 1 59 0 0
0 1 1 60 1.07158 -2.90312
0 1 1 61 1.03843 -3.96098
0 1 1 62 1.04327 124.862
0 1 1 63 1.0663 37.9958
0 1 1 64 1.10878 -16.9933
0 1 1 65 1.09709 45.2756
0 1 1 66 1.10762 64.4867
0 1 1 67 1.05675 67.9892
0 1 2 0 1.10237 57.3701
0 1 2 1 1.07452 92.735
0 1 2 2 1.08014 78.7618
0 1 2 3 1.10197 14.3286
0 1 2 4 1.08884 50.847
0 1 2 5 1.07849 35.9817
0 1 2 6 1.0735 65.3745
0 1 2 7 1.09215 53.2234
0 1 2 8 1.08346 70.4057
0 1 2 9 1.08771 28.2647
0 1 2 10 1.06729 115.194
0 1 2 11 0 0
0 1 2 12 1.0948 14.443
0 1 2 13 1.08249 71.5984
0 1 2 14 1.08531 53.1909
0 1 2 15 1.0731 94.1315
0 1 2 16 1.08296 37.0241
0 1 2 17 1.0864 41.8143
0 1 2 18 1.06412 27.2774
0 1 2 19 1.06384 46.2508
0 1 2 20 1.05747 93.0168
0 1 2 21 1.07419 3.94587
0 1 2 22 0 0
0 1 2 23 1.07384 32.1153
0 1 2 24 1.07002 55.0499
0 1 2 25 1.04767 22.6537
0 1 2 26 1.06806 0.272035
0 1 2 27 1.06819 1.52483
0 1 2 28 1.08614 10.5425
0 1 2 29 1.04327 25.2835
0 1 2 30 1.07801 34.8034
0 1 2 31 1.05683 -3.39593
0 1 2 32 1.05905 21.3072
0 1 2 33 1.08254 -21.0681
0 1 2 34 1.10753 -23.4308
0 1 2 35 1.11206 -52.8862
0 1 2 36 1.12151 70.2346
0 1 2 37 1.09942 8.60753
0 1 2 38 1.10587 36.3981
0 1 2 39 1.09994 35.4627
0 1 2 40 1.12253 -23.4223
0 1 2 41 1.08735 69.7081
0 1 2 42 1.10785 29.8198
0 1 2 43 1.10407 -30.8857
0 1 2 44 1.12705 57.6827
0 1 2 45 0 0
0 1 2 46 1.0969 53.7657
0 1 2 47 1.09275 46.8914
0 1 2 48 1.10883 39.251
0 1 2 49 1.14403 -25.5103
0 1 2 50 1.09224 -4.86958
0 1 2 51 1.10401 56.7614
0 1 2 52 1.10202 -18.2413
0 1 2 53 1.12286 58.0584
0 1 2 54 1.11566 36.5622
0 1 2 55 1.13279 -12.0916
0 1 2 56 0 0
0 1 2 57 1.10036 63.3352
0 1 2 58 1.09566 59.9203
0 1 2 59 1.10863 71.7071
0 1 2 60 1.11756 50.703
0 1 2 61 1.07913 69.3224
0 1 2 62 1.09777 45.6527
0 1 2 63 1.11015 92.0815
0 1 2 64 1.1236 118.403
0 1 2 65 1.10569 91.5731
0 1 2 66 1.11354 25.954
0 1 2 67 1.11141 82.9189
0 1 3 0 1.06314 6.82142
0 1 3 1 1.05749 58.9481
0 1 3 2 1.06682 23.9063
0 1 3 3 1.05036 105.436
0 1 3 4 1.05931 25.9405
0 1 3 5 1.02613 99.9964
0 1 3 6 1.07304 53.3208
0 1 3 7 1.05096 112.819
0 1 3 8 1.06752 39.1789
0 1 3 9 1.03735 51.8448
0 1 3 10 1.06816 17.5885
0 1 3 11 0 0
0 1 3 12 1.05684 13.0527
0 1 3 13 1.08417 63.2689
0 1 3 14 1.04553 138.992
0 1 3 15 1.06765 20.4667
0 1 3 16 1.05154 55.1793
0 1 3 17 1.05248 85.2652
0 1 3 18 1.06486 23.8215
0 1 3 19 1.02964 59.4255
0 1 3 20 1.07456 42.4732
0 1 3 21 1.0688 15.7865
0 1 3 22 0 0
0 1 3 23 1.042 67.0145
0 1 3 24 1.04689 75.398
0 1 3 25 1.0453 78.7622
0 1 3 26 1.07681 40.8084
0 1 3 27 1.03683 58.8387
0 1 3 28 1.05793 72.4627
0 1 3 29 1.06904 10.9413
0 1 3 30 1.07109 24.7176
0 1 3 31 1.07323 38.2675
0 1 3 32 1.06981 35.4182
0 1 3 33 1.05542 71.5052
0 1 3 34 1.05463 -5.62579
0 1 3 35 1.06768 53.2655
0 1 3 36 1.0601 39.8381
0 1 3 37 1.05013 71.3021
0 1 3 38 1.05658 48.2714
0 1 3 39 1.03905 25.5739
0 1 3 40 1.07908 75.0411
0 1 3 41 1.06048 39.7175
0 1 3 42 1.07707 19.9187
0 1 3 43 1.05839 74.1278
0 1 3 44 1.07206 8.04423
0 1 3 45 0 0
0 1 3 46 1.05574 92.5844
0 1 3 47 1.08668 58.8595
0 1 3 48 1.0577 39.2551
0 1 3 49 1.05415 99.2335
0 1 3 50 1.0643 3.57348
0 1 3 51 1.05709 128.865
0 1 3 52 1.07466 22.4952
0 1 3 53 1.06754 68.8811
0 1 3 54 1.05422 75.7973
0 1 3 55 1.08656 -53.4322
0 1 3 56 0 0
0 1 3 57 1.0645 44.0881
0 1 3 58 1.0711 32.3217
0 1 3 59 1.05935 66.0316
0 1 3 60 1.08401 75.8742
0 1 3 61 1.06453 75.6492
0 1 3 62 1.06384 111.738
0 1 3 63 1.08314 120.451
0 1 3 64 1.09868 81.5421
0 1 3 65 1.09036 48.2448
0 1 3 66 1.10168 49.4342
0 1 3 67 1.07645 25.3938
0 2 0 0 1.09002 42.7771
0 2 0 1 1.08269 78.5232
0 2 0 2 1.05961 64.0158
0 2 0 3 0.951126 117.892
0 2 0 4 1.07428 130.338
0 2 0 5 1.05866 105.623
0 2 0 6 1.06371 58.5016
0 2 0 7 1.08592 123.018
0 2 0 8 1.06974 14.8017
0 2 0 9 1.06259 52.6859
0 2 0 10 1.08044 86.3685
0 2 0 11 0 0
0 2 0 12 1.10763 87.4463
0 2 0 13 1.06312 44.355
0 2 0 14 1.01967 144.698
0 2 0 15 1.09395 69.6148
0 2 0 16 1.07821 40.0188
0 2 0 17 1.08481 22.6866
0 2 0 18 1.05833 25.1901
0 2 0 19 1.07908 54.038
0 2 0 20 1.05851 47.3555
0 2 0 21 1.06705 82.5183
0 2 0 22 0 0
0 2 0 23 1.07274 115.132
0 2 0 24 1.09721 53.257
0 2 0 25 1.05462 111.068
0 2 0 26 1.07228 100.48
0 2 0 27 1.07036 48.7242
0 2 0 28 1.09443 62.0728
0 2 0 29 1.06605 140.397
0 2 0 30 1.06629 106.706
0 2 0 31 1.08563 55.1821
0 2 0 32 1.0736 47.6389
0 2 0 33 1.06567 60.5082
0 2 0 34 1.08084 119.779
0 2 0 35 1.0329 96.8553
0 2 0 36 1.10949 -17.4848
0 2 0 37 1.0793 15.8833
0 2 0 38 1.08297 90.0458
0 2 0 39 1.0733 32.9806
0 2 0 40 1.09778 27.7702
0 2 0 41 1.05788 77.4783
0 2 0 42 1.09034 33.5672
0 2 0 43 1.05263 33.6649
0 2 0 44 1.08741 23.0589
0 2 0 45 0 0
0 2 0 46 1.06649 101.578
0 2 0 47 1.08888 54.5636
0 2 0 48 1.04642 16.04
0 2 0 49 0 0
0 2 0 50 1.06528 53.8438
0 2 0 51 1.04941 77.4998
0 2 0 52 1.06712 74.5025
0 2 0 53 1.10222 33.5894
0 2 0 54 1.07451 100.343
0 2 0 55 1.07526 91.2556
0 2 0 56 0 0
0 2 0 57 1.04946 115.421
0 2 0 58 1.05751 83.1191
0 2 0 59 1.08085 104.189
0 2 0 60 1.09401 35.8843
0 2 0 61 1.06244 17.7494
0 2 0 62 1.02194 65.9964
0 2 0 63 1.01481 111.773
0 2 0 64 1.06498 87.6753
0 2 0 65 1.06295 43.6268
0 2 0 66 1.08412 82.0849
0 2 0 67 1.06506 30.9692
0 2 1 0 1.13189 -20.2384
0 2 1 1 1.0885 114.329
0 2 1 2 1.08589 9.11051
0 2 1 3 1.10475 48.69
0 2 1 4 1.08608 85.0838
0 2 1 5 1.09313 131.853
0 2 1 6 1.094 -90.8198
0 2 1 7 1.10875 20.3934
0 2 1 8 1.0801 -5.20019
0 2 1 9 1.06435 56.3073
0 2 1 10 1.08532 -22.0622
0 2 1 11 0 0
0 2 1 12 1.06844 27.7038
0 2 1 13 1.06436 37.3993
0 2 1 14 0 0
0 2 1 15 1.09114 4.2442
0 2 1 16 1.05424 37.1268
0 2 1 17 1.09577 -19.9085
0 2 1 18 1.07442 -33.6071
0 2 1 19 1.09046 11.0989
0 2 1 20 1.05928 2.41025
0 2 1 21 1.09935 42.4631
0 2 1 22 0 0
0 2 1 23 1.07334 54.7841
0 2 1 24 1.09957 -38.1522
0 2 1 25 1.0657 -0.733282
0 2 1 26 1.09286 -51.019
0 2 1 27 1.08394 8.83878
0 2 1 28 1.10375 17.9807
0 2 1 29 1.06509 -20.8996
0 2 1 30 1.09107 -28.7613
0 2 1 31 1.08815 12.2966
0 2 1 32 1.08461 -106.897
0 2 1 33 1.08767 8.53946
0 2 1 34 1.09326 -41.2681
0 2 1 35 1.09229 -5.60082
0 2 1 36 1.12006 -43.1734
0 2 1 37 1.07962 24.1684
0 2 1 38 1.09982 -112.425
0 2 1 39 1.08368 26.9614
0 2 1 40 1.11918 -54.6913
0 2 1 41 1.08875 -11.1666
0 2 1 42 1.12128 -54.8747
0 2 1 43 1.08558 -16.3786
0 2 1 44 1.11001 -34.2912
0 2 1 45 0 0
0 2 1 46 1.08797 2.1956
0 2 1 47 1.09673 9.20052
0 2 1 48 1.10325 38.5165
0 2 1 49 1.11525 -11.6748
0 2 1 50 1.08712 -85.2201
0 2 1 51 1.10007 58.6459
0 2 1 52 1.10933 -64.6837
0 2 1 53 1.12286 -0.0534617
0 2 1 54 1.10493 -39.4632
0 2 1 55 1.11768 -19.4317
0 2 1 56 0 0
0 2 1 57 1.09666 30.3481
0 2 1 58 1.106 -21.4212
0 2 1 59 1.14268 67.1449
0 2 1 60 1.12396 55.0794
0 2 1 61 1.1016 56.4189
0 2 1 62 1.11098 -31.7127
0 2 1 63 1.13366 -0.0771571
0 2 1 64 1.13082 -27.2621
0 2 1 65 1.10572 29.4921
0 2 1 66 1.11771 -78.2242
0 2 1 67 1.11907 -1.31843
0 2 2 0 1.13126 58.2275
0 2 2 1 1.10027 -27.3536
0 2 2 2 1.13592 105.284
0 2 2 3 1.12134 -33.3876
0 2 2 4 1.12595 8.7666
0 2 2 5 1.10604 55.8226
0 2 2 6 1.12518 49.095
0 2 2 7 1.09441 94.5209
0 2 2 8 1.14898 24.9962
0 2 2 9 1.09376 40.7576
0 2 2 10 1.12598 -43.1408
0 2 2 11 0 0
0 2 2 12 1.10461 57.2788
0 2 2 13 1.12002 23.8047
0 2 2 14 1.09902 34.9863
0 2 2 15 1.15406 -21.6932
0 2 2 16 1.13804 -18.1353
0 2 2 17 1.10309 47.894
0 2 2 18 1.12427 83.9405
0 2 2 19 1.09912 36.424
0 2 2 20 1.14431 -3.83351
0 2 2 21 1.13251 40.7096
0 2 2 22 0 0
0 2 2 23 1.11793 10.9884
0 2 2 24 1.11734 -1.70484
0 2 2 25 1.12154 12.8983
0 2 2 26 1.13405 18.3691
0 2 2 27 1.09751 -16.3087
0 2 2 28 1.11087 -19.2446
0 2 2 29 1.12588 48.9047
0 2 2 30 1.15075 -11.3276
0 2 2 31 1.14089 -47.0821
0 2 2 32 1.13817 -70.5477
0 2 2 33 1.0935 -16.9618
0 2 2 34 1.09607 -3.32719
0 2 2 35 1.10751 35.2899
0 2 2 36 1.10233 9.03029
0 2 2 37 1.08902 57.5383
0 2 2 38 1.09962 5.12459
0 2 2 39 1.0773 104.75
0 2 2 40 1.08338 -16.9475
0 2 2 41 1.08464 76.5915
0 2 2 42 1.12104 35.5782
0 2 2 43 1.08542 33.0375
0 2 2 44 1.0791 67.2181
0 2 2 45 0 0
0 2 2 46 1.09134 74.7034
0 2 2 47 1.13646 -6.09422
0 2 2 48 1.07984 97.4978
0 2 2 49 1.08963 24.2823
0 2 2 50 1.07874 17.0198
0 2 2 51 1.10429 -27.0389
0 2 2 52 1.12773 10.9581
0 2 2 53 1.08732 116.231
0 2 2 54 1.08458 91.2566
0 2 2 55 1.09504 -3.11101
0 2 2 56 0 0
0 2 2 57 1.10269 103.664
0 2 2 58 1.09302 73.6592
0 2 2 59 1.10112 15.7223
0 2 2 60 1.13861 29.9892
0 2 2 61 1.08253 -5.92256
0 2 2 62 1.11181 47.4587
0 2 2 63 1.13069 74.3312
0 2 2 64 1.1446 80.826
0 2 2 65 1.10702 60.5026
0 2 2 66 1.1512 70.7397
0 2 2 67 1.12468 -24.4529
0 2 3 0 1.10333 91.0006
0 2 3 1 1.07607 97.0994
0 2 3 2 1.08174 42.3864
0 2 3 3 1.09759 94.2228
0 2 3 4 0.905863 120.209
0 2 3 5 1.06695 129.336
0 2 3 6 1.05067 95.4989
0 2 3 7 1.09736 61.8972
0 2 3 8 1.07131 123.611
0 2 3 9 1.05161 48.018
0 2 3 10 1.02283 133.285
0 2 3 11 0 0
0 2 3 12 1.07347 93.615
0 2 3 13 1.07376 58.721
0 2 3 14 1.05508 44.7128
0 2 3 15 1.08499 144.476
0 2 3 16 0.935453 58.2307
0 2 3 17 0 0
0 2 3 18 1.07063 68.2526
0 2 3 19 1.07545 95.2189
0 2 3 20 1.05611 70.7375
0 2 3 21 1.08834 32.5565
0 2 3 22 0 0
0 2 3 23 1.05252 86.0944
0 2 3 24 1.10308 41.508
0 2 3 25 1.06356 106.295
0 2 3 26 1.07642 103.586
0 2 3 27 1.09131 -21.382
0 2 3 28 1.07512 99.2192
0 2 3 29 1.06893 39.2675
0 2 3 30 1.0574 55.9645
0 2 3 31 1.07203 48.0486
0 2 3 32 1.07549 42.5858
0 2 3 33 1.08121 37.4639
0 2 3 34 1.10159 39.9223
0 2 3 35 1.09272 13.7602
0 2 3 36 1.12123 -15.2262
0 2 3 37 0 0
0 2 3 38 1.07886 118.941
0 2 3 39 1.04376 54.8636
0 2 3 40 1.10477 -15.1286
0 2 3 41 1.0602 73.8325
0 2 3 42 1.0866 71.2082
0 2 3 43 1.07197 93.5634
0 2 3 44 1.0918 166.218
0 2 3 45 0 0
0 2 3 46 1.0803 90.2597
0 2 3 47 1.08715 84.7298
0 2 3 48 1.07748 105.564
0 2 3 49 0 0
0 2 3 50 1.05915 88.1808
0 2 3 51 1.08423 87.4354
0 2 3 52 1.07638 39.6152
0 2 3 53 1.09582 115.727
0 2 3 54 1.0984 120.162
0 2 3 55 1.1057 53.1888
0 2 3 56 0 0
0 2 3 57 1.07039 124.841
0 2 3 58 1.10588 10.7168
0 2 3 59 1.1117 52.0427
0 2 3 60 1.10571 35.3722
0 2 3 61 1.07258 13.9636
0 2 3 62 1.0868 119.195
0 2 3 63 1.11385 71.667
0 2 3 64 1.08598 103.686
0 2 3 65 1.08533 54.4706
0 2 3 66 1.09727 8.00298
0 2 3 67 1.07388 91.5575
0 3 0 0 1.08632 57.6881
0 3 0 1 1.06026 78.5312
0 3 0 2 1.07681 51.1117
0 3 0 3 1.06403 72.967
0 3 0 4 1.06702 82.4707
0 3 0 5 1.01816 154.276
0 3 0 6 1.06587 -20.0571
0 3 0 7 1.08738 24.5941
0 3 0 8 1.06139 71.0203
0 3 0 9 1.05475 70.4837
0 3 0 10 1.072 10.8093
0 3 0 11 0 0
0 3 0 12 1.07894 94.7856
0 3 0 13 1.0695 69.4468
0 3 0 14 1.05942 116.235
0 3 0 15 1.09479 -8.71051
0 3 0 16 1.05652 22.8759
0 3 0 17 1.07179 104.846
0 3 0 18 1.06715 74.3169
0 3 0 19 1.06458 58.1767
0 3 0 20 1.09005 90.2235
0 3 0 21 1.0539 56.3013
0 3 0 22 0 0
0 3 0 23 1.05922 37.9593
0 3 0 24 1.08638 36.6492
0 3 0 25 1.07106 59.4125
0 3 0 26 1.06211 33.5468
0 3 0 27 1.05659 42.1582
0 3 0 28 1.10614 -14.1484
0 3 0 29 1.06929 74.3667
0 3 0 30 1.07267 48.0351
0 3 0 31 1.06408 64.0565
0 3 0 32 1.08434 32.9601
0 3 0 33 1.08397 2.61274
0 3 0 34 0 0
0 3 0 35 1.07385 29.2531
0 3 0 36 1.08443 126.142
0 3 0 37 1.08507 145.066
0 3 0 38 1.11601 19.1049
0 3 0 39 1.09777 117.238
0 3 0 40 1.09991 54.4453
0 3 0 41 1.09486 79.197
0 3 0 42 1.06733 138.055
0 3 0 43 1.09279 -11.2549
0 3 0 44 1.08115 2.37499
0 3 0 45 0 0
0 3 0 46 1.08603 64.9982
0 3 0 47 1.07196 83.978
0 3 0 48 1.04716 103.92
0 3 0 49 1.09343 79.083
0 3 0 50 1.08657 83.9299
0 3 0 51 0.953798 180.205
0 3 0 52 1.09558 47.9569
0 3 0 53 1.06384 77.0168
0 3 0 54 1.0646 77.3785
0 3 0 55 0.977915 124.366
0 3 0 56 0 0
0 3 0 57 1.07326 76.3579
0 3 0 58 1.06966 51.0471
0 3 0 59 1.07258 113.791
0 3 0 60 1.07066 40.8974
0 3 0 61 1.08976 85.6769
0 3 0 62 1.0755 142.439
0 3 0 63 1.06752 56.6026
0 3 0 64 1.0676 136.885
0 3 0 65 1.08418 62.485
0 3 0 66 1.08008 116.232
0 3 0 67 1.08463 84.0682
0 3 1 0 1.07372 128.678
0 3 1 1 1.05136 146.944
0 3 1 2 1.07035 104.321
0 3 1 3 1.05756 119.896
0 3 1 4 1.08069 72.3285
0 3 1 5 1.02916 218.143
0 3 1 6 1.07175 74.8218
0 3 1 7 1.08427 113.157
0 3 1 8 1.06198 162.253
0 3 1 9 1.03492 144.902
0 3 1 10 1.0675 95.4648
0 3 1 11 0 0
0 3 1 12 0 0
0 3 1 13 1.08374 68.2225
0 3 1 14 1.0254 105.432
0 3 1 15 1.0945 55.2414
0 3 1 16 1.07948 122.61
0 3 1 17 1.07502 120.327
0 3 1 18 1.06391 89.9896
0 3 1 19 1.07391 140.601
0 3 1 20 1.07936 69.2491
0 3 1 21 1.08951 56.8072
0 3 1 22 0 0
0 3 1 23 1.05556 29.6288
0 3 1 24 1.07735 60.1045
0 3 1 25 1.0636 104.176
0 3 1 26 0 0
0 3 1 27 1.05556 134.95
0 3 1 28 1.08753 57.8304
0 3 1 29 1.07251 102.738
0 3 1 30 1.08969 85.0989
0 3 1 31 1.06019 38.5689
0 3 1 32 1.07065 76.572
0 3 1 33 1.07671 39.9655
0 3 1 34 1.0681 37.8735
0 3 1 35 1.08173 75.395
0 3 1 36 1.07958 76.5267
0 3 1 37 1.07688 25.0924
0 3 1 38 1.1046 51.9779
0 3 1 39 1.11163 29.5239
0 3 1 40 1.07913 106.849
0 3 1 41 1.06866 90.1803
0 3 1 42 1.07784 -17.943
0 3 1 43 1.09085 28.4251
0 3 1 44 1.06937 80.711
0 3 1 45 0 0
0 3 1 46 1.07224 114.005
0 3 1 47 1.07854 109.001
0 3 1 48 1.0951 112.67
0 3 1 49 1.08064 75.4809
0 3 1 50 1.08355 193.638
0 3 1 51 1.10137 124.172
0 3 1 52 1.11607 121.909
0 3 1 53 1.07234 56.6215
0 3 1 54 1.06778 79.3245
0 3 1 55 1.06408 88.9781
0 3 1 56 0 0
0 3 1 57 1.08344 81.3237
0 3 1 58 1.05708 84.3582
0 3 1 59 1.06971 115.258
0 3 1 60 1.0767 155.085
0 3 1 61 1.10234 29.8787
0 3 1 62 1.06936 136.368
0 3 1 63 1.07773 102.301
0 3 1 64 1.09015 68.0075
0 3 1 65 1.08727 83.2649
0 3 1 66 1.07284 74.7231
0 3 1 67 1.08707 60.2669
0 3 2 0 1.09479 14.9213
0 3 2 1 1.04443 66.3447
0 3 2 2 1.06197 86.8128
0 3 2 3 1.07031 -7.95075
0 3 2 4 1.05514 67.5656
0 3 2 5 1.0601 51.8753
0 3 2 6 1.06996 74.5741
0 3 2 7 1.04051 79.2493
0 3 2 8 1.04284 77.6434
0 3 2 9 0 0
0 3 2 10 1.05928 17.3418
0 3 2 11 0 0
0 3 2 12 1.04891 31.9273
0 3 2 13 1.06246 57.7275
0 3 2 14 1.04866 43.8415
0 3 2 15 1.07025 100.622
0 3 2 16 1.06456 60.6764
0 3 2 17 1.05044 26.8517
0 3 2 18 1.05849 73.7769
0 3 2 19 1.07741 70.6969
0 3 2 20 1.0714 10.0558
0 3 2 21 1.05884 50.8069
0 3 2 22 0 0
0 3 2 23 1.04487 100.045
0 3 2 24 1.06837 55.1094
0 3 2 25 1.04954 24.6861
0 3 2 26 1.0509 63.8877
0 3 2 27 1.05104 -19.0867
0 3 2 28 1.08339 23.2732
0 3 2 29 1.06112 125.656
0 3 2 30 1.06098 1.56548
0 3 2 31 1.06093 58.2237
0 3 2 32 1.07907 18.9666
0 3 2 33 1.09721 1.56892
0 3 2 34 1.06488 -1.11414
0 3 2 35 1.07474 59.4066
0 3 2 36 1.07279 1.49663
0 3 2 37 1.07619 37.7886
0 3 2 38 1.10967 66.8984
0 3 2 39 1.09536 -16.248
0 3 2 40 1.08893 40.5272
0 3 2 41 1.07189 35.5506
0 3 2 42 1.04109 51.5813
0 3 2 43 1.08077 26.0548
0 3 2 44 1.07747 -33.2121
0 3 2 45 0 0
0 3 2 46 1.06056 38.1553
0 3 2 47 1.05484 108.867
0 3 2 48 1.11644 66.4587
0 3 2 49 1.07434 70.0277
0 3 2 50 1.06646 55.4494
0 3 2 51 1.1101 9.47907
0 3 2 52 1.1025 63.2848
0 3 2 53 1.06197 -8.05721
0 3 2 54 1.06151 83.1917
0 3 2 55 1.08884 50.9389
0 3 2 56 0 0
0 3 2 57 1.07204 41.2606
0 3 2 58 1.08576 92.0091
0 3 2 59 1.03981 55.6857
0 3 2 60 1.06677 13.7779
0 3 2 61 0 0
0 3 2 62 1.07488 71.2646
0 3 2 63 1.0383 128.141
0 3 2 64 1.08744 23.2547
0 3 2 65 1.09642 50.0244
0 3 2 66 1.09102 54.9462
0 3 2 67 1.08069 43.9019
0 3 3 0 1.09455 153.672
0 3 3 1 1.05783 108.121
0 3 3 2 0 0
0 3 3 3 1.04609 67.2363
0 3 3 4 0 0
0 3 3 5 0 0
0 3 3 6 1.03851 84.5141
0 3 3 7 1.06722 75.3963
0 3 3 8 1.06907 77.7897
0 3 3 9 1.0526 125.159
0 3 3 10 1.07384 137.165
0 3 3 11 0 0
0 3 3 12 1.0656 104.558
0 3 3 13 0 0
0 3 3 14 0 0
0 3 3 15 1.11168 116.631
0 3 3 16 1.05742 92.3397
0 3 3 17 1.06654 77.8252
0 3 3 18 1.09052 99.0443
0 3 3 19 1.08876 90.2335
0 3 3 20 1.08795 73.2346
0 3 3 21 1.05356 116.254
0 3 3 22 0 0
0 3 3 23 1.05694 75.7608
0 3 3 24 0 0
0 3 3 25 1.07324 125.069
0 3 3 26 1.06038 105.568
0 3 3 27 1.06412 26.9433
0 3 3 28 1.09662 90.8197
0 3 3 29 1.07559 6.36825
0 3 3 30 1.08554 85.2741
0 3 3 31 1.0561 124.439
0 3 3 32 1.09386 85.9407
0 3 3 33 0 0
0 3 3 34 1.08237 103.281
0 3 3 35 1.08223 125.278
0 3 3 36 1.07419 105.835
0 3 3 37 1.08764 60.8052
0 3 3 38 1.10792 107.774
0 3 3 39 1.11068 0.0390481
0 3 3 40 1.09758 29.4743
0 3 3 41 1.10135 117.443
0 3 3 42 1.1046 10.0229
0 3 3 43 1.10473 3.923
0 3 3 44 1.0821 101.592
0 3 3 45 0 0
0 3 3 46 1.10427 36.2194
0 3 3 47 1.10143 101.708
0 3 3 48 1.11343 74.6645
0 3 3 49 1.08543 3.38211
0 3 3 50 1.10725 47.0681
0 3 3 51 1.11782 112.328
0 3 3 52 1.09638 82.6295
0 3 3 53 1.09716 29.1277
0 3 3 54 1.0862 123.889
0 3 3 55 0.960004 127.729
0 3 3 56 0 0
0 3 3 57 1.12371 14.3003
0 3 3 58 1.10073 126.72
0 3 3 59 1.10248 74.9623
0 3 3 60 1.0958 31.061
0 3 3 61 1.11621 102.063
0 3 3 62 1.12161 105.7
0 3 3 63 1.08614 96.0103
0 3 3 64 1.1055 102.672
0 3 3 65 1.1388 83.2192
0 3 3 66 1.10975 73.9989
0 3 3 67 1.09112 79.9475
1 0 0 0 1.07893 108.554
1 0 0 1 1.0669 91.462
1 0 0 2 1.09121 113.601
1 0 0 3 1.07543 120.324
1 0 0 4 1.09549 54.7682
1 0 0 5 1.06227 68.3248
1 0 0 6 1.10629 87.8054
1 0 0 7 1.07041 82.212
1 0 0 8 1.1181 116.512
1 0 0 9 1.05454 130.213
1 0 0 10 1.0945 93.616
1 0 0 11 0 0
1 0 0 12 0.917793 169.412
1 0 0 13 1.10246 103.676
1 0 0 14 1.07998 50.8733
1 0 0 15 1.07999 117.827
1 0 0 16 1.09535 153.816
1 0 0 17 1.07214 17.2032
1 0 0 18 1.05036 141.168
1 0 0 19 1.06598 100.915
1 0 0 20 1.09217 117.72
1 0 0 21 0 0
1 0 0 22 0 0
1 0 0 23 1.07795 34.0456
1 0 0 24 1.06552 86.8246
1 0 0 25 1.06768 74.0793
1 0 0 26 1.08921 157.391
1 0 0 27 1.06021 74.3015
1 0 0 28 1.05681 127.158
1 0 0 29 1.08983 150.698
1 0 0 30 1.11604 -8.06414
1 0 0 31 1.09251 85.3134
1 0 0 32 1.0899 60.0403
1 0 0 33 1.07241 123.845
1 0 0 34 1.04814 65.2822
1 0 0 35 1.0635 10.2559
1 0 0 36 1.07894 49.1965
1 0 0 37 1.0626 103.224
1 0 0 38 1.08352 64.0553
1 0 0 39 1.0514 104.719
1 0 0 40 1.04481 163.489
1 0 0 41 1.05249 51.2042
1 0 0 42 1.07945 81.0817
1 0 0 43 1.04615 44.0884
1 0 0 44 1.07224 150.519
1 0 0 45 0 0
1 0 0 46 0 0
1 0 0 47 1.10432 75.1361
1 0 0 48 1.03932 141.596
1 0 0 49 1.06263 54.8437
1 0 0 50 1.06223 174.696
1 0 0 51 1.00453 103.664
1 0 0 52 1.09347 47.5904
1 0 0 53 1.08538 104.555
1 0 0 54 1.06834 98.017
1 0 0 55 1.1134 45.8554
1 0 0 56 0 0
1 0 0 57 0.989683 168.825
1 0 0 58 1.07611 133.068
1 0 0 59 1.08204 150.122
1 0 0 60 1.10791 34.2724
1 0 0 61 1.07048 159.116
1 0 0 62 1.01864 118.717
1 0 0 63 1.10089 128.798
1 0 0 64 1.13812 1.12118
1 0 0 65 1.08458 122.088
1 0 0 66 1.13139 77.8771
1 0 0 67 1.09772 115.643
1 0 1 0 1.07769 53.7756
1 0 1 1 1.06652 66.4703
1 0 1 2 1.08739 104.77
1 0 1 3 1.07589 71.1372
1 0 1 4 1.09648 40.8368
1 0 1 5 1.07303 -3.85686
1 0 1 6 1.09294 75.7274
1 0 1 7 1.07771 88.2597
1 0 1 8 1.10269 -9.88703
1 0 1 9 1.06372 77.3964
1 0 1 10 1.08178 112.659
1 0 1 11 0 0
1 0 1 12 1.08368 42.9073
1 0 1 13 1.11683 23.9352
1 0 1 14 1.07636 52.5743
1 0 1 15 1.1128 86.5226
1 0 1 16 1.11491 82.1316
1 0 1 17 1.07368 50.2867
1 0 1 18 1.09824 53.1017
1 0 1 19 1.07149 58.9032
1 0 1 20 1.1209 20.4819
1 0 1 21 1.09941 21.7709
1 0 1 22 0 0
1 0 1 23 1.07063 110.721
1 0 1 24 1.09046 32.7072
1 0 1 25 1.10467 128.951
1 0 1 26 1.10661 6.17243
1 0 1 27 1.08148 60.1085
1 0 1 28 1.0977 42.8364
1 0 1 29 1.11768 62.525
1 0 1 30 1.11471 47.5363
1 0 1 31 1.10854 65.8708
1 0 1 32 1.12691 76.5725
1 0 1 33 1.07806 72.2165
1 0 1 34 1.08491 54.6865
1 0 1 35 1.10986 83.2199
1 0 1 36 1.10661 42.9146
1 0 1 37 1.09399 114.184
1 0 1 38 1.08817 74.2432
1 0 1 39 1.08009 49.8611
1 0 1 40 1.10054 7.63635
1 0 1 41 1.09197 46.4333
1 0 1 42 1.11105 34.2065
1 0 1 43 1.07605 105.674
1 0 1 44 1.09822 75.1866
1 0 1 45 0 0
1 0 1 46 1.08634 43.9587
1 0 1 47 1.11593 31.2751
1 0 1 48 1.0634 60.7245
1 0 1 49 1.08323 152.836
1 0 1 50 1.08938 105.007
1 0 1 51 1.08458 70.689
1 0 1 52 1.10487 9.02982
1 0 1 53 1.09239 7.69974
1 0 1 54 1.08962 89.0465
1 0 1 55 1.11128 61.3229
1 0 1 56 0 0
1 0 1 57 1.07446 160.499
1 0 1 58 1.08622 111.573
1 0 1 59 1.08975 19.3611
1 0 1 60 1.11225 57.9148
1 0 1 61 1.07753 61.3101
1 0 1 62 1.0778 77.4105
1 0 1 63 1.0923 104.334
1 0 1 64 1.10921 131.103
1 0 1 65 1.09178 72.1467
1 0 1 66 1.13031 79.9548
1 0 1 67 1.08257 60.8229
1 0 2 0 1.08499 81.714
1 0 2 1 1.05011 37.9102
1 0 2 2 1.05343 57.8637
1 0 2 3 1.07422 99.7183
1 0 2 4 1.04635 61.8081
1 0 2 5 1.04613 134.288
1 0 2 6 1.039 68.7428
1 0 2 7 1.06675 131.006
1 0 2 8 1.04489 40.9336
1 0 2 9 1.04791 97.7433
1 0 2 10 1.04916 71.5172
1 0 2 11 0 0
1 0 2 12 1.05708 126.301
1 0 2 13 1.03385 79.6648
1 0 2 14 1.05348 106.626
1 0 2 15 1.06325 57.8343
1 0 2 16 1.04326 115.651
1 0 2 17 1.04706 40.7329
1 0 2 18 1.02668 137.263
1 0 2 19 1.04297 36.9244
1 0 2 20 1.04487 57.3366
1 0 2 21 1.05221 103.148
1 0 2 22 0 0
1 0 2 23 1.02745 78.2979
1 0 2 24 1.08081 25.8078
1 0 2 25 1.04442 26.9183
1 0 2 26 1.05588 34.77
1 0 2 27 1.04045 35.3105
1 0 2 28 1.06276 71.7963
1 0 2 29 1.036 62.9345
1 0 2 30 1.05086 20.3691
1 0 2 31 1.05404 88.9285
1 0 2 32 1.04714 34.3952
1 0 2 33 1.06725 61.8372
1 0 2 34 1.05669 72.898
1 0 2 35 1.06785 83.3351
1 0 2 36 1.10657 40.8196
1 0 2 37 1.06462 72.0337
1 0 2 38 1.07834 1.19384
1 0 2 39 1.0498 11.4737
1 0 2 40 1.10538 64.1524
1 0 2 41 1.05121 55.4017
1 0 2 42 1.08045 62.0211
1 0 2 43 1.04587 103.974
1 0 2 44 1.09216 29.9526
1 0 2 45 0 0
1 0 2 46 1.07228 71.5621
1 0 2 47 1.08047 40.5281
1 0 2 48 1.06777 58.2698
1 0 2 49 1.09537 73.8901
1 0 2 50 1.06972 13.9258
1 0 2 51 1.08397 -34.2345
1 0 2 52 1.0888 95.9319
1 0 2 53 1.09615 -33.3945
1 0 2 54 1.08848 7.53432
1 0 2 55 1.08596 26.285
1 0 2 56 0 0
1 0 2 57 1.08189 39.4059
1 0 2 58 1.07582 90.2558
1 0 2 59 1.08633 44.757
1 0 2 60 1.08503 17.0528
1 0 2 61 1.06009 118.341
1 0 2 62 1.0748 79.5247
1 0 2 63 1.09381 58.7738
1 0 2 64 1.07874 142.469
1 0 2 65 1.08661 58.488
1 0 2 66 1.09237 62.8131
1 0 2 67 1.06581 105.073
1 0 3 0 1.07721 -4.88304
1 0 3 1 1.03953 -23.7255
1 0 3 2 1.05999 38.0487
1 0 3 3 1.06295 -3.14338
1 0 3 4 1.06668 10.4244
1 0 3 5 1.04799 -19.8759
1 0 3 6 1.07286 24.2892
1 0 3 7 1.05303 85.7001
1 0 3 8 1.06517 89.5917
1 0 3 9 1.04125 -9.07109
1 0 3 10 1.06415 68.793
1 0 3 11 0 0
1 0 3 12 1.07242 75.502
1 0 3 13 1.06899 34.8239
1 0 3 14 1.03833 7.58211
1 0 3 15 1.09052 -44.2471
1 0 3 16 1.07805 33.5841
1 0 3 17 1.0452 4.60444
1 0 3 18 1.06623 -29.8408
1 0 3 19 1.04063 131.237
1 0 3 20 1.08894 -27.9494
1 0 3 21 1.09112 46.1493
1 0 3 22 0 0
1 0 3 23 1.0514 18.7329
1 0 3 24 1.07921 29.1928
1 0 3 25 1.05981 72.0075
1 0 3 26 1.0835 24.048
1 0 3 27 1.04572 9.73849
1 0 3 28 1.0662 24.7529
1 0 3 29 1.07725 -3.62265
1 0 3 30 1.08658 6.88915
1 0 3 31 1.08607 23.6354
1 0 3 32 1.08232 -32.7469
1 0 3 33 1.06472 39.9924
1 0 3 34 1.05467 94.6092
1 0 3 35 1.08323 21.1081
1 0 3 36 1.08711 -2.79615
1 0 3 37 1.07014 28.5981
1 0 3 38 1.06971 23.5778
1 0 3 39 1.06528 81.4553
1 0 3 40 1.07727 22.2181
1 0 3 41 1.05356 -25.4329
1 0 3 42 1.08409 16.2485
1 0 3 43 1.04124 64.3862
1 0 3 44 1.07217 66.2283
1 0 3 45 0 0
1 0 3 46 1.07882 46.1541
1 0 3 47 1.10443 42.3656
1 0 3 48 1.05901 106.407
1 0 3 49 1.0872 2.73673
1 0 3 50 1.07844 7.24143
1 0 3 51 1.06592 31.0855
1 0 3 52 1.09545 53.0044
1 0 3 53 1.08217 99.1193
1 0 3 54 1.07712 83.615
1 0 3 55 1.08564 45.1888
1 0 3 56 0 0
1 0 3 57 1.0811 20.5599
1 0 3 58 1.08235 67.0673
1 0 3 59 1.08009 61.2511
1 0 3 60 1.10149 16.6489
1 0 3 61 1.08068 -14.9915
1 0 3 62 1.079 49.2262
1 0 3 63 1.07976 18.7722
1 0 3 64 1.09605 37.8301
1 0 3 65 1.06199 62.364
1 0 3 66 1.10843 -16.3137
1 0 3 67 1.07196 45.1734
1 1 0 0 1.10079 86.3711
1 1 0 1 1.05718 64.9425
1 1 0 2 1.07606 128.891
1 1 0 3 1.08518 74.9292
1 1 0 4 1.0676 116.361
1 1 0 5 1.02494 125.957
1 1 0 6 1.04371 80.4172
1 1 0 7 1.06848 89.2713
1 1 0 8 1.05747 138.459
1 1 0 9 1.04526 83.4547
1 1 0 10 1.05988 151.739
1 1 0 11 0 0
1 1 0 12 1.09755 107.275
1 1 0 13 1.05934 116.86
1 1 0 14 1.02866 136.045
1 1 0 15 1.07237 145.82
1 1 0 16 1.07379 67.9521
1 1 0 17 1.07561 53.5429
1 1 0 18 1.0529 122.691
1 1 0 19 1.05447 86.0521
1 1 0 20 1.03247 114.856
1 1 0 21 1.06997 132.005
1 1 0 22 0 0
1 1 0 23 1.06142 48.2917
1 1 0 24 1.06868 74.7565
1 1 0 25 1.0556 60.3065
1 1 0 26 1.07402 108.031
1 1 0 27 1.05409 75.8536
1 1 0 28 1.06714 71.9467
1 1 0 29 1.04611 139.541
1 1 0 30 1.0653 70.9788
1 1 0 31 1.06947 71.8104
1 1 0 32 1.04679 108.546
1 1 0 33 1.05169 78.7665
1 1 0 34 1.0814 -18.6643
1 1 0 35 1.0621 86.0132
1 1 0 36 1.08925 82.0782
1 1 0 37 0 0
1 1 0 38 1.09144 63.5334
1 1 0 39 0 0
1 1 0 40 1.08793 27.4786
1 1 0 41 1.04681 139.085
1 1 0 42 1.1003 -26.6465
1 1 0 43 1.04118 172.392
1 1 0 44 1.07657 54.3399
1 1 0 45 0 0
1 1 0 46 0 0
1 1 0 47 1.06689 102.379
1 1 0 48 1.042 159.373
1 1 0 49 0 0
1 1 0 50 0 0
1 1 0 51 1.07497 76.3692
1 1 0 52 1.05784 99.4814
1 1 0 53 1.07598 81.9108
1 1 0 54 1.05858 116.917
1 1 0 55 1.05877 92.0704
1 1 0 56 0 0
1 1 0 57 1.05724 136.656
1 1 0 58 1.05729 50.6435
1 1 0 59 1.08893 72.8597
1 1 0 60 1.04697 150.553
1 1 0 61 1.05874 112.829
1 1 0 62 1.06444 109.096
1 1 0 63 1.06905 83.4201
1 1 0 64 1.04854 42.5653
1 1 0 65 1.05234 79.7265
1 1 0 66 1.08845 76.0587
1 1 0 67 1.07448 71.7031
1 1 1 0 1.09708 -32.656
1 1 1 1 1.05399 109.816
1 1 1 2 1.07646 81.0938
1 1 1 3 1.07794 9.00473
1 1 1 4 1.06629 50.875
1 1 1 5 1.0715 62.5371
1 1 1 6 1.07508 103.667
1 1 1 7 1.07587 25.4232
1 1 1 8 1.07534 110.552
1 1 1 9 1.06083 63.6927
1 1 1 10 1.01763 104.379
1 1 1 11 0 0
1 1 1 12 1.10449 100.546
1 1 1 13 1.05835 20.4478
1 1 1 14 1.07076 86.5486
1 1 1 15 1.0828 4.34778
1 1 1 16 0 0
1 1 1 17 0.976231 102.221
1 1 1 18 1.06219 60.1454
1 1 1 19 1.07221 37.8371
1 1 1 20 1.05115 44.0224
1 1 1 21 1.08183 -33.3073
1 1 1 22 0 0
1 1 1 23 1.07782 63.1081
1 1 1 24 1.08775 11.5893
1 1 1 25 1.0604 4.21759
1 1 1 26 1.08551 -28.361
1 1 1 27 1.08216 36.3544
1 1 1 28 1.08976 62.7723
1 1 1 29 1.05855 142.188
1 1 1 30 1.07035 70.5002
1 1 1 31 1.06943 28.8431
1 1 1 32 1.06116 82.2206
1 1 1 33 1.08012 111.412
1 1 1 34 1.08429 23.0359
1 1 1 35 1.08579 35.2991
1 1 1 36 1.10342 -44.8993
1 1 1 37 1.06458 -2.37584
1 1 1 38 1.06015 34.0579
1 1 1 39 1.04959 17.1928
1 1 1 40 1.12075 -17.6971
1 1 1 41 1.0673 53.8373
1 1 1 42 1.11235 29.9739
1 1 1 43 1.06912 59.536
1 1 1 44 1.09286 23.0668
1 1 1 45 0 0
1 1 1 46 1.08927 42.5006
1 1 1 47 1.10102 24.0531
1 1 1 48 1.10134 44.6569
1 1 1 49 1.1064 61.3353
1 1 1 50 1.08039 11.3232
1 1 1 51 1.09013 79.5561
1 1 1 52 1.08828 72.1101
1 1 1 53 1.10216 48.9888
1 1 1 54 1.09877 67.7234
1 1 1 55 1.09315 62.3784
1 1 1 56 0 0
1 1 1 57 1.08282 97.5788
1 1 1 58 1.08179 55.9985
1 1 1 59 1.10613 32.0795
1 1 1 60 1.1012 39.5086
1 1 1 61 1.08451 116.705
1 1 1 62 1.0869 84.8618
1 1 1 63 1.07717 33.989
1 1 1 64 1.10399 96.509
1 1 1 65 1.10139 44.3446
1 1 1 66 1.10553 -48.3657
1 1 1 67 1.08523 99.1552
1 1 2 0 1.10027 134.431
1 1 2 1 1.07118 85.188
1 1 2 2 1.08637 24.22
1 1 2 3 1.09112 95.0142
1 1 2 4 1.11296 61.4422
1 1 2 5 1.08082 132.52
1 1 2 6 1.09239 132.647
1 1 2 7 1.10315 139.826
1 1 2 8 1.1003 86.3607
1 1 2 9 1.07577 102.624
1 1 2 10 1.08144 48.1753
1 1 2 11 0 0
1 1 2 12 1.09503 85.5824
1 1 2 13 1.08838 120.407
1 1 2 14 1.07842 67.8954
1 1 2 15 1.08955 53.6751
1 1 2 16 1.07235 89.9681
1 1 2 17 1.07147 40.0798
1 1 2 18 1.05173 93.2522
1 1 2 19 1.07324 117.385
1 1 2 20 1.07646 75.8175
1 1 2 21 1.08254 58.9005
1 1 2 22 0 0
1 1 2 23 1.06923 68.8882
1 1 2 24 1.09216 91.9875
1 1 2 25 1.07163 46.7693
1 1 2 26 1.08134 80.0399
1 1 2 27 1.05193 104.793
1 1 2 28 1.09318 58.106
1 1 2 29 1.07869 51.328
1 1 2 30 1.08089 105.329
1 1 2 31 1.0685 60.9035
1 1 2 32 1.07881 52.173
1 1 2 33 1.08077 99.0244
1 1 2 34 1.07225 48.5014
1 1 2 35 1.06856 58.153
1 1 2 36 1.06996 25.4187
1 1 2 37 1.09043 129.958
1 1 2 38 1.12169 26.0012
1 1 2 39 1.09281 24.8693
1 1 2 40 1.09256 78.7733
1 1 2 41 1.0892 55.4172
1 1 2 42 1.06396 34.5128
1 1 2 43 1.10931 66.5772
1 1 2 44 1.08749 84.0319
1 1 2 45 0 0
1 1 2 46 1.07749 127.285
1 1 2 47 1.07507 142.126
1 1 2 48 1.10836 31.3704
1 1 2 49 1.1009 102.194
1 1 2 50 1.08648 97.5681
1 1 2 51 1.11211 18.9295
1 1 2 52 1.11182 128.561
1 1 2 53 1.09069 111.853
1 1 2 54 1.07372 41.2205
1 1 2 55 1.08758 78.2618
1 1 2 56 0 0
1 1 2 57 1.08215 117.414
1 1 2 58 1.08805 184.645
1 1 2 59 1.0887 86.3333
1 1 2 60 1.0799 97.507
1 1 2 61 1.08914 169.692
1 1 2 62 1.0794 52.5622
1 1 2 63 1.07266 145.636
1 1 2 64 1.10011 59.7468
1 1 2 65 1.08847 138.906
1 1 2 66 1.10392 121.276
1 1 2 67 1.06559 86.983
1 1 3 0 1.06589 37.9491
1 1 3 1 1.04155 64.0647
1 1 3 2 1.04209 6.52201
1 1 3 3 1.08206 88.7083
1 1 3 4 1.06712 21.0417
1 1 3 5 1.0198 71.7455
1 1 3 6 1.04585 29.1048
1 1 3 7 1.06304 53.021
1 1 3 8 1.05492 8.2966
1 1 3 9 1.03874 36.6324
1 1 3 10 1.04826 -0.852555
1 1 3 11 0 0
1 1 3 12 1.05585 34.5849
1 1 3 13 1.04577 -16.8078
1 1 3 14 1.02701 54.157
1 1 3 15 1.039 48.9148
1 1 3 16 1.05424 60.95
1 1 3 17 1.04074 98.4726
1 1 3 18 1.05609 17.1628
1 1 3 19 1.05424 41.581
1 1 3 20 1.04743 36.2606
1 1 3 21 1.05396 34.4605
1 1 3 22 0 0
1 1 3 23 1.0516 150.858
1 1 3 24 1.0598 29.854
1 1 3 25 1.04966 10.9871
1 1 3 26 1.05237 -12.2145
1 1 3 27 1.0357 46.944
1 1 3 28 1.07197 33.3862
1 1 3 29 1.05036 36.2578
1 1 3 30 1.06715 57.7322
1 1 3 31 0 0
1 1 3 32 1.07408 14.935
1 1 3 33 1.06032 -6.10602
1 1 3 34 1.04772 60.4494
1 1 3 35 1.05536 25.3079
1 1 3 36 1.04663 22.0832
1 1 3 37 1.06812 35.6083
1 1 3 38 1.06938 60.4488
1 1 3 39 1.0726 11.1107
1 1 3 40 0 0
1 1 3 41 1.05386 166.85
1 1 3 42 0.996043 101.027
1 1 3 43 1.07087 31.6817
1 1 3 44 1.05138 83.7374
1 1 3 45 0 0
1 1 3 46 1.06059 58.8137
1 1 3 47 1.02068 40.3995
1 1 3 48 1.07791 57.3483
1 1 3 49 1.05519 64.0133
1 1 3 50 1.05006 74.5504
1 1 3 51 1.07984 80.2752
1 1 3 52 1.05457 37.7994
1 1 3 53 1.0558 -29.9911
1 1 3 54 1.06099 100.608
1 1 3 55 1.06784 11.167
1 1 3 56 0 0
1 1 3 57 1.07364 5.73005
1 1 3 58 1.05615 51.6328
1 1 3 59 1.05032 154.125
1 1 3 60 1.06395 52.5778
1 1 3 61 1.04785 32.6763
1 1 3 62 1.0603 20.918
1 1 3 63 1.04335 53.0533
1 1 3 64 1.07482 69.706
1 1 3 65 1.00225 84.3938
1 1 3 66 1.06786 8.80418
1 1 3 67 1.07187 64.4997
1 2 0 0 1.08488 111.859
1 2 0 1 1.05087 99.718
1 2 0 2 1.08321 105.477
1 2 0 3 1.08375 103.004
1 2 0 4 1.08103 144.475
1 2 0 5 1.00608 172.856
1 2 0 6 1.07685 102.814
1 2 0 7 1.08515 86.3012
1 2 0 8 1.07544 214.752
1 2 0 9 1.06293 8.37561
1 2 0 10 1.07023 37.1994
1 2 0 11 0 0
1 2 0 12 1.09077 25.7694
1 2 0 13 1.06928 107.217
1 2 0 14 1.04086 98.8312
1 2 0 15 1.09415 72.6005
1 2 0 16 1.07285 99.339
1 2 0 17 1.06827 111.62
1 2 0 18 1.07154 40.8183
1 2 0 19 1.05033 136.569
1 2 0 20 1.08436 27.8959
1 2 0 21 1.07607 75.3671
1 2 0 22 0 0
1 2 0 23 1.06856 127.045
1 2 0 24 1.08242 41.3447
1 2 0 25 1.06656 83.0347
1 2 0 26 1.08037 99.6774
1 2 0 27 1.06424 66.6244
1 2 0 28 1.09592 91.2545
1 2 0 29 1.07345 63.4971
1 2 0 30 1.07185 -16.5344
1 2 0 31 1.06706 107.242
1 2 0 32 0 0
1 2 0 33 1.06949 41.237
1 2 0 34 1.09744 64.2074
1 2 0 35 1.08475 86.653
1 2 0 36 1.07356 80.869
1 2 0 37 1.09539 69.1553
1 2 0 38 1.10669 106.659
1 2 0 39 1.10395 86.0137
1 2 0 40 1.10561 56.8239
1 2 0 41 1.089 33.813
1 2 0 42 1.08343 43.7252
1 2 0 43 1.10912 92.0317
1 2 0 44 1.1026 72.458
1 2 0 45 0 0
1 2 0 46 1.06927 10.2785
1 2 0 47 1.09018 177.287
1 2 0 48 1.12884 139.033
1 2 0 49 1.10514 33.2309
1 2 0 50 1.05235 49.2243
1 2 0 51 1.12921 47.4841
1 2 0 52 1.0964 106.795
1 2 0 53 1.07015 71.8304
1 2 0 54 1.0869 81.0528
1 2 0 55 0.955668 124.488
1 2 0 56 0 0
1 2 0 57 1.10896 161.732
1 2 0 58 1.08915 96.8144
1 2 0 59 1.05754 106.411
1 2 0 60 1.09091 80.175
1 2 0 61 1.09648 119.425
1 2 0 62 1.09329 99.9831
1 2 0 63 1.03346 144.889
1 2 0 64 1.12037 17.4646
1 2 0 65 1.11631 93.0094
1 2 0 66 1.11593 -31.0155
1 2 0 67 1.10403 99.1897
1 2 1 0 1.06976 29.0947
1 2 1 1 1.04926 47.8358
1 2 1 2 1.08101 39.9831
1 2 1 3 1.06118 43.6958
1 2 1 4 1.07786 31.4467
1 2 1 5 1.05905 50.4291
1 2 1 6 1.09552 37.6675
1 2 1 7 1.0688 98.9473
1 2 1 8 1.07087 65.5844
1 2 1 9 1.05598 3.76758
1 2 1 10 1.07763 60.6863
1 2 1 11 0 0
1 2 1 12 1.09704 68.6196
1 2 1 13 1.06278 58.2441
1 2 1 14 1.04626 73.8319
1 2 1 15 1.09589 -63.0874
1 2 1 16 1.08359 15.5091
1 2 1 17 1.05552 34.9705
1 2 1 18 1.11033 47.6915
1 2 1 19 1.0747 29.2858
1 2 1 20 1.09541 42.7008
1 2 1 21 1.05779 62.4046
1 2 1 22 0 0
1 2 1 23 1.05545 38.7482
1 2 1 24 1.08929 97.4085
1 2 1 25 1.06158 98.3529
1 2 1 26 1.07411 33.0297
1 2 1 27 1.04909 28.2145
1 2 1 28 1.0971 93.6876
1 2 1 29 1.0657 35.2799
1 2 1 30 1.0768 -3.77264
1 2 1 31 1.0681 39.9473
1 2 1 32 1.08952 2.66649
1 2 1 33 1.08412 57.4811
1 2 1 34 1.09286 50.244
1 2 1 35 1.08578 67.8093
1 2 1 36 1.09036 -29.341
1 2 1 37 1.10464 -25.1587
1 2 1 38 1.1124 58.2834
1 2 1 39 1.11466 -33.0448
1 2 1 40 1.10539 -23.6857
1 2 1 41 1.09811 32.0381
1 2 1 42 1.09182 22.1031
1 2 1 43 1.11572 10.7739
1 2 1 44 1.10925 -33.6558
1 2 1 45 0 0
1 2 1 46 1.08195 -14.0564
1 2 1 47 1.08559 41.2341
1 2 1 48 1.07961 98.5687
1 2 1 49 1.09431 43.2154
1 2 1 50 1.0905 58.0401
1 2 1 51 1.11364 42.692
1 2 1 52 1.10101 74.5538
1 2 1 53 1.09546 13.8244
1 2 1 54 1.08697 5.0887
1 2 1 55 1.10252 50.1282
1 2 1 56 0 0
1 2 1 57 1.10316 -8.57449
1 2 1 58 1.06121 91.5663
1 2 1 59 1.08804 -39.6118
1 2 1 60 1.09034 65.847
1 2 1 61 1.10189 38.363
1 2 1 62 1.08769 33.2016
1 2 1 63 1.0882 61.57
1 2 1 64 1.08946 62.4396
1 2 1 65 1.10793 32.1058
1 2 1 66 1.10815 36.2577
1 2 1 67 1.08193 62.6377
1 2 2 0 1.12783 131.13
1 2 2 1 1.10617 139.082
1 2 2 2 1.1375 48.8153
1 2 2 3 1.11033 114.505
1 2 2 4 1.10928 94.7837
1 2 2 5 1.10144 111.063
1 2 2 6 1.10754 112.6
1 2 2 7 1.08218 97.4409
1 2 2 8 1.12267 115.48
1 2 2 9 1.09296 85.0326
1 2 2 10 1.10893 49.8961
1 2 2 11 0 0
1 2 2 12 1.09521 164.937
1 2 2 13 1.11177 131.06
1 2 2 14 1.08696 59.0991
1 2 2 15 1.11681 71.1113
1 2 2 16 1.11411 64.2546
1 2 2 17 1.08153 73.8155
1 2 2 18 1.10203 79.1475
1 2 2 19 1.07513 64.8572
1 2 2 20 1.11036 97.5271
1 2 2 21 1.12146 46.5059
1 2 2 22 0 0
1 2 2 23 1.09511 74.8002
1 2 2 24 1.08507 81.6446
1 2 2 25 1.09743 94.3519
1 2 2 26 1.10752 147.412
1 2 2 27 1.07494 67.689
1 2 2 28 1.07959 102.806
1 2 2 29 1.09939 83.8059
1 2 2 30 1.10468 43.6191
1 2 2 31 1.10176 85.0433
1 2 2 32 1.10355 -4.17772
1 2 2 33 1.07313 57.3928
1 2 2 34 1.07337 67.262
1 2 2 35 1.1099 -6.02449
1 2 2 36 1.08518 112.026
1 2 2 37 1.05641 31.3568
1 2 2 38 1.07642 13.5377
1 2 2 39 1.07014 82.547
1 2 2 40 1.08415 59.6215
1 2 2 41 1.06666 96.539
1 2 2 42 1.11475 104.09
1 2 2 43 1.0857 120.497
1 2 2 44 1.06988 143.575
1 2 2 45 0 0
1 2 2 46 1.07028 116.713
1 2 2 47 1.10176 108.587
1 2 2 48 1.07222 153.589
1 2 2 49 1.08191 73.8677
1 2 2 50 1.06691 42.6753
1 2 2 51 1.09794 109.721
1 2 2 52 1.09986 66.5199
1 2 2 53 1.08518 113.613
1 2 2 54 1.08412 97.5855
1 2 2 55 1.10558 70.7815
1 2 2 56 0 0
1 2 2 57 1.08116 133.879
1 2 2 58 1.07921 151.892
1 2 2 59 1.10684 122.761
1 2 2 60 1.1136 153.045
1 2 2 61 1.08288 124.187
1 2 2 62 1.09756 94.4374
1 2 2 63 1.11267 128.857
1 2 2 64 1.12583 168.007
1 2 2 65 1.09478 122.489
1 2 2 66 1.15266 89.8605
1 2 2 67 1.09671 126.783
1 2 3 0 1.11405 -38.2699
1 2 3 1 1.07718 34.2311
1 2 3 2 1.07301 32.1049
1 2 3 3 1.09506 45.172
1 2 3 4 1.04599 99.5397
1 2 3 5 1.08818 -0.103018
1 2 3 6 1.07217 34.7494
1 2 3 7 1.09141 87.9376
1 2 3 8 1.08198 59.8836
1 2 3 9 1.08804 -2.62332
1 2 3 10 1.08895 91.9395
1 2 3 11 0 0
1 2 3 12 1.10627 35.5093
1 2 3 13 1.0741 70.0312
1 2 3 14 1.07489 -12.1219
1 2 3 15 1.10476 -6.98911
1 2 3 16 1.08482 -14.9763
1 2 3 17 1.06016 4.14638
1 2 3 18 1.05912 47.5697
1 2 3 19 1.06886 63.3191
1 2 3 20 1.06898 52.607
1 2 3 21 1.07379 -15.5099
1 2 3 22 0 0
1 2 3 23 1.06762 66.5508
1 2 3 24 1.08709 -9.70034
1 2 3 25 1.07625 71.137
1 2 3 26 1.06489 35.4324
1 2 3 27 1.082 22.6233
1 2 3 28 1.07688 -77.0012
1 2 3 29 1.04935 5.5902
1 2 3 30 1.05144 48.9626
1 2 3 31 1.07934 18.4807
1 2 3 32 1.06269 22.499
1 2 3 33 1.08928 11.475
1 2 3 34 1.07741 53.5787
1 2 3 35 1.08226 38.3456
1 2 3 36 1.08902 27.7282
1 2 3 37 1.05579 52.5895
1 2 3 38 1.08222 33.9728
1 2 3 39 1.04901 -28.3908
1 2 3 40 1.09114 70.5328
1 2 3 41 1.05582 68.9798
1 2 3 42 1.07879 75.5773
1 2 3 43 1.05616 64.6572
1 2 3 44 1.08206 22.0234
1 2 3 45 0 0
1 2 3 46 1.06344 33.7691
1 2 3 47 1.06602 55.2502
1 2 3 48 1.06908 28.6296
1 2 3 49 1.06527 15.0985
1 2 3 50 1.04041 114.966
1 2 3 51 1.0713 67.5716
1 2 3 52 1.06406 26.3422
1 2 3 53 0.912618 125.488
1 2 3 54 1.00998 77.2229
1 2 3 55 1.07732 13.6069
1 2 3 56 0 0
1 2 3 57 1.04491 138.023
1 2 3 58 1.05406 52.3014
1 2 3 59 1.08112 90.5148
1 2 3 60 1.08637 55.9573
1 2 3 61 1.04936 77.6523
1 2 3 62 1.06837 62.0779
1 2 3 63 1.08459 72.0688
1 2 3 64 1.07369 8.0914
1 2 3 65 1.05933 123.343
1 2 3 66 1.08095 -5.76524
1 2 3 67 1.05363 47.5743
1 3 0 0 0 0
1 3 0 1 0 0
1 3 0 2 0 0
1 3 0 3 0 0
1 3 0 4 0 0
1 3 0 5 0 0
1 3 0 6 0 0
1 3 0 7 0 0
1 3 0 8 0 0
1 3 0 9 0 0
1 3 0 10 0 0
1 3 0 11 0 0
1 3 0 12 0 0
1 3 0 13 0 0
1 3 0 14 0 0
1 3 0 15 0 0
1 3 0 16 0 0
1 3 0 17 0 0
1 3 0 18 0 0
1 3 0 19 0 0
1 3 0 20 0 0
1 3 0 21 0 0
1 3 0 22 0 0
1 3 0 23 0 0
1 3 0 24 0 0
1 3 0 25 0 0
1 3 0 26 0 0
1 3 0 27 0 0
1 3 0 28 0 0
1 3 0 29 0 0
1 3 0 30 0 0
1 3 0 31 0 0
1 3 0 32 0 0
1 3 0 33 0 0
1 3 0 34 0 0
1 3 0 35 0 0
1 3 0 36 0 0
1 3 0 37 0 0
1 3 0 38 0 0
1 3 0 39 0 0
1 3 0 40 0 0
1 3 0 41 0 0
1 3 0 42 0 0
1 3 0 43 0 0
1 3 0 44 0 0
1 3 0 45 0 0
1 3 0 46 0 0
1 3 0 47 0 0
1 3 0 48 0 0
1 3 0 49 0 0
1 3 0 50 0 0
1 3 0 51 0 0
1 3 0 52 0 0
1 3 0 53 0 0
1 3 0 54 0 0
1 3 0 55 0 0
1 3 0 56 0 0
1 3 0 57 0 0
1 3 0 58 0 0
1 3 0 59 0 0
1 3 0 60 0 0
1 3 0 61 0 0
1 3 0 62 0 0
1 3 0 63 0 0
1 3 0 64 0 0
1 3 0 65 0 0
1 3 0 66 0 0
1 3 0 67 0 0
1 3 1 0 1.13251 93.8361
1 3 1 1 1.09328 46.5916
1 3 1 2 1.0997 48.5142
1 3 1 3 1.133 33.1306
1 3 1 4 1.09302 118.016
1 3 1 5 1.09878 121.144
1 3 1 6 1.08257 78.0743
1 3 1 7 1.11471 126.485
1 3 1 8 1.09141 47.6868
1 3 1 9 1.0775 59.9213
1 3 1 10 1.08935 136.748
1 3 1 11 0 0
1 3 1 12 1.09023 70.2794
1 3 1 13 1.08949 66.0643
1 3 1 14 1.08489 41.9192
1 3 1 15 1.1048 42.796
1 3 1 16 1.09619 73.2592
1 3 1 17 1.10747 116.517
1 3 1 18 1.07808 53.0684
1 3 1 19 1.09425 136.908
1 3 1 20 1.07833 74.46
1 3 1 21 1.08852 70.1519
1 3 1 22 0 0
1 3 1 23 1.09446 94.2476
1 3 1 24 1.0932 155.948
1 3 1 25 1.07446 93.4334
1 3 1 26 1.09273 66.5701
1 3 1 27 1.08939 80.4494
1 3 1 28 1.09625 18.9146
1 3 1 29 1.06275 100.26
1 3 1 30 1.08832 109.994
1 3 1 31 1.07832 102.255
1 3 1 32 1.05629 78.8601
1 3 1 33 1.08166 135.686
1 3 1 34 1.11354 7.28678
1 3 1 35 1.12505 70.5484
1 3 1 36 1.09141 49.6811
1 3 1 37 1.09498 38.7346
1 3 1 38 1.12033 49.6803
1 3 1 39 1.10467 19.5346
1 3 1 40 1.11644 -11.4654
1 3 1 41 1.08669 140.363
1 3 1 42 1.13266 68.6273
1 3 1 43 1.11316 30.5803
1 3 1 44 1.1178 60.9295
1 3 1 45 0 0
1 3 1 46 1.09574 110.147
1 3 1 47 1.14502 61.0605
1 3 1 48 1.09411 202.524
1 3 1 49 1.11305 46.3283
1 3 1 50 1.09647 122.306
1 3 1 51 1.13284 28.6
1 3 1 52 1.1453 50.4677
1 3 1 53 1.11354 85.415
1 3 1 54 1.10733 42.9148
1 3 1 55 1.13654 64.9614
1 3 1 56 0 0
1 3 1 57 1.12797 103.32
1 3 1 58 1.11392 66.6826
1 3 1 59 1.11834 37.9706
1 3 1 60 1.12962 55.6103
1 3 1 61 1.11646 99.7525
1 3 1 62 1.12073 57.9359
1 3 1 63 1.11452 86.9558
1 3 1 64 1.1317 160.739
1 3 1 65 1.10783 116.793
1 3 1 66 1.13578 83.5978
1 3 1 67 1.08315 74.0923
1 3 2 0 1.15245 52.5171
1 3 2 1 1.10346 173.066
1 3 2 2 1.11776 191.207
1 3 2 3 1.13495 113.173
1 3 2 4 1.11776 162.745
1 3 2 5 1.10236 165.13
1 3 2 6 1.09489 152.597
1 3 2 7 1.16838 42.8091
1 3 2 8 1.1159 167.508
1 3 2 9 1.12205 88.7413
1 3 2 10 1.13359 131.29
1 3 2 11 0 0
1 3 2 12 1.15147 94.691
1 3 2 13 1.14183 13.7863
1 3 2 14 1.12853 87.2633
1 3 2 15 0 0
1 3 2 16 1.12095 91.5867
1 3 2 17 1.12684 170.604
1 3 2 18 1.11212 98.7189
1 3 2 19 1.10573 124.49
1 3 2 20 1.10439 64.5835
1 3 2 21 1.12604 96.1621
1 3 2 22 0 0
1 3 2 23 1.12859 85.3202
1 3 2 24 1.12775 96.5785
1 3 2 25 1.09427 99.1351
1 3 2 26 1.1179 34.6002
1 3 2 27 1.10613 74.9395
1 3 2 28 1.1304 109.468
1 3 2 29 1.09013 101.457
1 3 2 30 1.1069 100.099
1 3 2 31 1.08359 53.5802
1 3 2 32 1.08222 101.534
1 3 2 33 1.09134 86.6838
1 3 2 34 1.10497 41.5445
1 3 2 35 1.1156 83.5983
1 3 2 36 1.08379 22.4746
1 3 2 37 1.07836 93.1673
1 3 2 38 1.09037 48.6211
1 3 2 39 1.08045 138.257
1 3 2 40 1.09286 94.1991
1 3 2 41 1.07021 94.145
1 3 2 42 1.1167 99.9443
1 3 2 43 1.08704 101.239
1 3 2 44 1.10541 16.3831
1 3 2 45 0 0
1 3 2 46 1.08631 218.036
1 3 2 47 1.10583 107.878
1 3 2 48 1.09231 66.9842
1 3 2 49 1.10224 130.72
1 3 2 50 1.0929 122.105
1 3 2 51 1.11578 86.0056
1 3 2 52 1.10509 158.12
1 3 2 53 1.08713 135.876
1 3 2 54 1.07375 141.814
1 3 2 55 1.11912 147.154
1 3 2 56 0 0
1 3 2 57 1.10585 110.062
1 3 2 58 1.11209 127.242
1 3 2 59 1.09772 113.849
1 3 2 60 1.11247 142.736
1 3 2 61 1.11394 162.74
1 3 2 62 1.10574 172.406
1 3 2 63 1.09014 171.654
1 3 2 64 1.12367 152.556
1 3 2 65 1.10777 119.714
1 3 2 66 1.12624 137.079
1 3 2 67 1.12101 84.3835
1 3 3 0 1.14847 63.1602
1 3 3 1 1.11062 101.522
1 3 3 2 1.11339 29.7187
1 3 3 3 1.13327 123.246
1 3 3 4 1.09159 73.5527
1 3 3 5 1.11479 138.034
1 3 3 6 1.10232 59.7043
1 3 3 7 1.14456 74.5401
1 3 3 8 1.11637 56.8442
1 3 3 9 1.10464 41.9214
1 3 3 10 1.11461 46.0333
1 3 3 11 0 0
1 3 3 12 1.12014 65.8842
1 3 3 13 1.09117 56.5763
1 3 3 14 1.10722 -12.3697
1 3 3 15 1.11423 55.9012
1 3 3 16 1.09588 12.5613
1 3 3 17 1.09649 86.4282
1 3 3 18 1.069 11.2619
1 3 3 19 1.08682 114.2
1 3 3 20 1.08533 51.3285
1 3 3 21 1.09067 106.847
1 3 3 22 0 0
1 3 3 23 1.09579 100.601
1 3 3 24 1.10603 67.584
1 3 3 25 1.06282 21.2456
1 3 3 26 1.09281 95.2719
1 3 3 27 1.1119 35.4931
1 3 3 28 1.10486 59.4631
1 3 3 29 1.08707 50.1888
1 3 3 30 1.09333 35.5642
1 3 3 31 1.09449 64.8395
1 3 3 32 1.08896 -18.1958
1 3 3 33 1.11119 -72.9281
1 3 3 34 1.07245 91.5436
1 3 3 35 1.08001 92.1604
1 3 3 36 1.08263 34.4438
1 3 3 37 1.07144 99.1067
1 3 3 38 1.06477 53.5667
1 3 3 39 1.06793 60.9029
1 3 3 40 1.07419 -6.83614
1 3 3 41 1.07262 26.7852
1 3 3 42 1.09887 30.1867
1 3 3 43 1.0796 -2.80464
1 3 3 44 1.082 44.1968
1 3 3 45 0 0
1 3 3 46 1.06648 93.3614
1 3 3 47 1.09144 81.1804
1 3 3 48 1.08009 88.9201
1 3 3 49 1.077 57.5122
1 3 3 50 1.07951 56.0498
1 3 3 51 1.08352 45.1909
1 3 3 52 1.09348 16.4666
1 3 3 53 1.07465 76.8207
1 3 3 54 1.06068 129.491
1 3 3 55 1.10077 64.4456
1 3 3 56 0 0
1 3 3 57 1.08477 175.287
1 3 3 58 1.09097 127.42
1 3 3 59 1.0737 93.2693
1 3 3 60 1.09032 135.524
1 3 3 61 1.08588 141.37
1 3 3 62 1.07899 123.441
1 3 3 63 1.08139 113.788
1 3 3 64 1.1049 93.7834
1 3 3 65 1.08344 163.818
1 3 3 66 1.09015 151.284
1 3 3 67 1.07352 166.179
2 0 0 0 0 0
2 0 0 1 0.00536647 0.191174
2 0 0 2 0 0
2 0 0 3 0.00532238 0.211236
2 0 0 4 0 0
2 0 0 5 0.00536162 0.21631
2 0 0 6 0 0
2 0 0 7 0.00534332 0.208745
2 0 0 8 0 0
2 0 0 9 0.00533977 0.213402
2 0 0 10 0 0
2 0 0 11 0 0
2 0 0 12 0.00531409 0.225644
2 0 0 13 0 0
2 0 0 14 0.00538592 0.186673
2 0 0 15 0 0
2 0 0 16 0.00537568 0.211184
2 0 0 17 0 0
2 0 0 18 0.00538489 0.191521
2 0 0 19 0 0
2 0 0 20 0.00540744 0.177766
2 0 0 21 0 0
2 0 0 22 0 0
2 0 0 23 0.00534507 0.223551
2 0 0 24 0.00537094 0.172529
2 0 0 25 0.00537125 0.204076
2 0 0 26 0.00539082 0.189718
2 0 0 27 0.00537346 0.205376
2 0 0 28 0.00537696 0.194865
2 0 0 29 0.00536732 0.213723
2 0 0 30 0.00539227 0.190341
2 0 0 31 0.00539696 0.194277
2 0 0 32 0.00539093 0.203808
2 0 0 33 0.00536242 0.206361
2 0 0 34 0.0054265 0.196055
2 0 0 35 0.00543716 0.187928
2 0 0 36 0.00540138 0.182104
2 0 0 37 0.0054668 0.189076
2 0 0 38 0.0054166 0.184259
2 0 0 39 0.00545016 0.191911
2 0 0 40 0.00544131 0.182898
2 0 0 41 0.00545983 0.186475
2 0 0 42 0.0054292 0.184159
2 0 0 43 0.00551818 0.129512
2 0 0 44 0.00540974 0.180276
2 0 0 45 0 0
2 0 0 46 0 0
2 0 0 47 0.00542764 0.201685
2 0 0 48 0 0
2 0 0 49 0.0053951 0.184778
2 0 0 50 0 0
2 0 0 51 0.00541787 0.198378
2 0 0 52 0 0
2 0 0 53 0.00542711 0.189897
2 0 0 54 0 0
2 0 0 55 0.00539244 0.2061
2 0 0 56 0 0
2 0 0 57 0 0
2 0 0 58 0.00540738 0.186436
2 0 0 59 0 0
2 0 0 60 0.00540309 0.200337
2 0 0 61 0 0
2 0 0 62 0.00541075 0.194667
2 0 0 63 0 0
2 0 0 64 0.00540263 0.17569
2 0 0 65 0 0
2 0 0 66 0.00542134 0.160405
2 0 0 67 0 0
2 0 1 0 0 0
2 0 1 1 0.00528071 0.269749
2 0 1 2 0.00525987 0.28961
2 0 1 3 0.00533013 0.265857
2 0 1 4 0.00530612 0.233323
2 0 1 5 0.00530751 0.263538
2 0 1 6 0.00532986 0.236711
2 0 1 7 0.00528114 0.278124
2 0 1 8 0.00531987 0.223822
2 0 1 9 0.00531749 0.261855
2 0 1 10 0.00530922 0.238485
2 0 1 11 0 0
2 0 1 12 0.0053084 0.259021
2 0 1 13 0.00535581 0.203391
2 0 1 14 0.00532921 0.258073
2 0 1 15 0.00533219 0.238526
2 0 1 16 0.00535875 0.218893
2 0 1 17 0.00531446 0.24572
2 0 1 18 0.0052858 0.282672
2 0 1 19 0.00534379 0.218015
2 0 1 20 0.00532497 0.25596
2 0 1 21 0.00530089 0.251458
2 0 1 22 0 0
2 0 1 23 0.00531309 0.273457
2 0 1 24 0.00529098 0.258397
2 0 1 25 0.00531804 0.265851
2 0 1 26 0.00539564 0.191462
2 0 1 27 0.0053457 0.234559
2 0 1 28 0.00531485 0.252742
2 0 1 29 0.00533253 0.237501
2 0 1 30 0.0053341 0.25302
2 0 1 31 0.00533217 0.245122
2 0 1 32 0.00531678 0.253337
2 0 1 33 0.00530789 0.245042
2 0 1 34 0 0
2 0 1 35 0.00539248 0.222346
2 0 1 36 0.00532033 0.301255
2 0 1 37 0.00540155 0.205463
2 0 1 38 0 0
2 0 1 39 0.00537813 0.230929
2 0 1 40 0 0
2 0 1 41 0.00535479 0.232689
2 0 1 42 0.00537364 0.244878
2 0 1 43 0.00539019 0.232591
2 0 1 44 0.00537702 0.267269
2 0 1 45 0 0
2 0 1 46 0.00537168 0.236101
2 0 1 47 0.00533913 0.286131
2 0 1 48 0.00539615 0.224715
2 0 1 49 0.00533666 0.300516
2 0 1 50 0.00539826 0.221608
2 0 1 51 0.00540618 0.212882
2 0 1 52 0.00539586 0.225937
2 0 1 53 0.00539889 0.242857
2 0 1 54 0.00539066 0.23308
2 0 1 55 0.00535385 0.257077
2 0 1 56 0 0
2 0 1 57 0.00537181 0.210516
2 0 1 58 0.00537422 0.265699
2 0 1 59 0.0054084 0.198339
2 0 1 60 0.00537167 0.26748
2 0 1 61 0.00539722 0.201707
2 0 1 62 0.0054075 0.245241
2 0 1 63 0.00545188 0.129343
2 0 1 64 0.00537933 0.271274
2 0 1 65 0.00527928 0.302846
2 0 1 66 0.00541323 0.230636
2 0 1 67 0 0
2 0 2 0 0.00558363 0.11978
2 0 2 1 0.00589653 0.220555
2 0 2 2 0.00560142 0.0659819
2 0 2 3 0.00594729 0.116943
2 0 2 4 0.00546479 0.0892646
2 0 2 5 0.00604013 0.0624351
2 0 2 6 0.00554501 0.0646381
2 0 2 7 0.0059894 0.166118
2 0 2 8 0.00557012 0.143148
2 0 2 9 0.00614695 0.184388
2 0 2 10 0.00574324 0.0817319
2 0 2 11 0 0
2 0 2 12 0.00628684 0.071615
2 0 2 13 0.00587937 0.0370936
2 0 2 14 0.00607058 0.233917
2 0 2 15 0.005917 0.118507
2 0 2 16 0.00619031 0.194305
2 0 2 17 0.00602607 0.187474
2 0 2 18 0.0062972 0.127911
2 0 2 19 0.00587094 0.38818
2 0 2 20 0.00647089 0.122566
2 0 2 21 0.00610177 0.132401
2 0 2 22 0 0
2 0 2 23 0.00640842 0.350104
2 0 2 24 0.00589962 0.169801
2 0 2 25 0.00621911 0.627186
2 0 2 26 0.00595489 0.015291
2 0 2 27 0.00615783 0.641193
2 0 2 28 0.00598191 0.0531588
2 0 2 29 0.00637737 0.417158
2 0 2 30 0.00585585 0.0928911
2 0 2 31 0.005982 0.606434
2 0 2 32 0.00581231 0.0934182
2 0 2 33 0.0063552 0.161961
2 0 2 34 0.0060364 0.0493051
2 0 2 35 0.00624854 0.260195
2 0 2 36 0.00591628 0.254045
2 0 2 37 0.0063853 0.135982
2 0 2 38 0.00578951 0.516959
2 0 2 39 0.00622432 0.429056
2 0 2 40 0.00587992 0.436118
2 0 2 41 0.00635544 0.499444
2 0 2 42 0.00605674 0.224143
2 0 2 43 0.00640679 0.460836
2 0 2 44 0.00598627 0.179134
2 0 2 45 0 0
2 0 2 46 0.00653662 0.394725
2 0 2 47 0.00599652 0.0852126
2 0 2 48 0.00604641 0.701396
2 0 2 49 0.00596699 0.0105489
2 0 2 50 0.0066466 0.250064
2 0 2 51 0.00576709 0.14747
2 0 2 52 0.0066636 0.300499
2 0 2 53 0.0060017 0.00701604
2 0 2 54 0.006897 0.161329
2 0 2 55 0.0060366 0.160453
2 0 2 56 0 0
2 0 2 57 0.00634825 0.580599
2 0 2 58 0.00592007 0.337507
2 0 2 59 0.00644032 0.471152
2 0 2 60 0.00603674 0.191036
2 0 2 61 0.0066414 0.272044
2 0 2 62 0.00587431 0.226729
2 0 2 63 0 0
2 0 2 64 0.00594695 0.210251
2 0 2 65 0.00674168 0.161705
2 0 2 66 0.00566671 0.518427
2 0 2 67 0.00630164 0.515293
2 0 3 0 0.00561693 0.713418
2 0 3 1 0.00556828 0.236457
2 0 3 2 0 0
2 0 3 3 0.00560435 0.148318
2 0 3 4 0.00560091 0.775516
2 0 3 5 0.00578462 0.138405
2 0 3 6 0.00570766 0.67668
2 0 3 7 0.00592525 0.136742
2 0 3 8 0 0
2 0 3 9 0.00616167 0.0786492
2 0 3 10 0.00556544 0.780294
2 0 3 11 0 0
2 0 3 12 0.00621991 0.169332
2 0 3 13 0.00598257 0.5629
2 0 3 14 0.0063937 0.0360057
2 0 3 15 0 0
2 0 3 16 0.00642326 0.152987
2 0 3 17 0 0
2 0 3 18 0.00651964 0.306853
2 0 3 19 0.00598232 0.747326
2 0 3 20 0.00640264 0.58233
2 0 3 21 0 0
2 0 3 22 0 0
2 0 3 23 0.00645385 0.604265
2 0 3 24 0.00551957 1.26176
2 0 3 25 0.00646238 0.608254
2 0 3 26 0.00537816 1.45662
2 0 3 27 0.00682544 0.270965
2 0 3 28 0 0
2 0 3 29 0.00663013 0.266874
2 0 3 30 0.00549399 1.42736
2 0 3 31 0.00673671 0.104716
2 0 3 32 0.00534151 1.57093
2 0 3 33 0.00683785 -0.0176153
2 0 3 34 0 0
2 0 3 35 0.00674883 0.184417
2 0 3 36 0.00494707 1.9865
2 0 3 37 0.00690483 0.0809055
2 0 3 38 0 0
2 0 3 39 0.00677237 0.193687
2 0 3 40 0 0
2 0 3 41 0.0070085 0.130157
2 0 3 42 0 0
2 0 3 43 0.0068384 0.255164
2 0 3 44 0 0
2 0 3 45 0 0
2 0 3 46 0.00668093 0.185716
2 0 3 47 0.00538859 1.35376
2 0 3 48 0.006574 0.150829
2 0 3 49 0.00574297 0.879964
2 0 3 50 0.00667879 0.111655
2 0 3 51 0.0055904 0.857804
2 0 3 52 0.00662528 0.0711461
2 0 3 53 0.00631564 0.198649
2 0 3 54 0.00659455 0.0899057
2 0 3 55 0.00568456 0.767106
2 0 3 56 0 0
2 0 3 57 0.00655869 0.124147
2 0 3 58 0.00560693 0.813914
2 0 3 59 0.00648571 0.248912
2 0 3 60 0.00582833 0.598576
2 0 3 61 0.0066651 0.178767
2 0 3 62 0 0
2 0 3 63 0.00663411 0.291522
2 0 3 64 0.00558385 0.772507
2 0 3 65 0.00655402 0.268228
2 0 3 66 0 0
2 0 3 67 0.00638754 0.255103
3 0 0 0 0 0
3 0 0 1 0 0
3 0 0 2 0 0
3 0 0 3 0 0
3 0 0 4 0 0
3 0 0 5 0 0
3 0 0 6 0 0
3 0 0 7 0 0
3 0 0 8 0 0
3 0 0 9 0 0
3 0 0 10 0 0
3 0 0 11 0 0
3 0 0 12 0 0
3 0 0 13 0 0
3 0 0 14 0 0
3 0 0 15 0 0
3 0 0 16 0 0
3 0 0 17 0 0
3 0 0 18 0 0
3 0 0 19 0 0
3 0 0 20 0 0
3 0 0 21 0 0
3 0 0 22 0 0
3 0 0 23 0.00637223 0.0322831
3 0 0 24 0 0
3 0 0 25 0 0
3 0 0 26 0 0
3 0 0 27 0.00626211 0.124023
3 0 0 28 0 0
3 0 0 29 0 0
3 0 0 30 0 0
3 0 0 31 0.00646183 -0.080553
3 0 0 32 0 0
3 0 0 33 0 0
3 0 0 34 0 0
3 0 0 35 0.00670817 -0.205479
3 0 0 36 0 0
3 0 0 37 0 0
3 0 0 38 0 0
3 0 0 39 0.00654842 -0.030572
3 0 0 40 0 0
3 0 0 41 0 0
3 0 0 42 0 0
3 0 0 43 0.00676622 -0.121916
3 0 0 44 0 0
3 0 0 45 0 0
3 0 0 46 0 0
3 0 0 47 0 0
3 0 0 48 0 0
3 0 0 49 0 0
3 0 0 50 0 0
3 0 0 51 0 0
3 0 0 52 0 0
3 0 0 53 0 0
3 0 0 54 0 0
3 0 0 55 0 0
3 0 0 56 0 0
3 0 0 57 0 0
3 0 0 58 0 0
3 0 0 59 0 0
3 0 0 60 0 0
3 0 0 61 0 0
3 0 0 62 0 0
3 0 0 63 0 0
3 0 0 64 0 0
3 0 0 65 0 0
3 0 0 66 0 0
3 0 0 67 0 0
3 0 3 0 0 0
3 0 3 1 0 0
3 0 3 2 0 0
3 0 3 3 0 0
3 0 3 4 0 0
3 0 3 5 0 0
3 0 3 6 0 0
3 0 3 7 0 0
3 0 3 8 0 0
3 0 3 9 0 0
3 0 3 10 0 0
3 0 3 11 0 0
3 0 3 12 0 0
3 0 3 13 0 0
3 0 3 14 0 0
3 0 3 15 0 0
3 0 3 16 0 0
3 0 3 17 0 0
3 0 3 18 0 0
3 0 3 19 0 0
3 0 3 20 0 0
3 0 3 21 0 0
3 0 3 22 0 0
3 0 3 23 0.00659493 0.0198951
3 0 3 24 0 0
3 0 3 25 0 0
3 0 3 26 0 0
3 0 3 27 0.00718848 -0.395458
3 0 3 28 0 0
3 0 3 29 0 0
3 0 3 30 0 0
3 0 3 31 0.00655166 0.0321429
3 0 3 32 0 0
3 0 3 33 0 0
3 0 3 34 0 0
3 0 3 35 0.00657442 0.00971546
3 0 3 36 0 0
3 0 3 37 0 0
3 0 3 38 0 0
3 0 3 39 0.00716891 -0.453385
3 0 3 40 0 0
3 0 3 41 0 0
3 0 3 42 0 0
3 0 3 43 0.00652946 0.0617458
3 0 3 44 0 0
3 0 3 45 0 0
3 0 3 46 0 0
3 0 3 47 0 0
3 0 3 48 0 0
3 0 3 49 0 0
3 0 3 50 0 0
3 0 3 51 0 0
3 0 3 52 0 0
3 0 3 53 0 0
3 0 3 54 0 0
3 0 3 55 0 0
3 0 3 56 0 0
3 0 3 57 0 0
3 0 3 58 0 0
3 0 3 59 0 0
3 0 3 60 0 0
3 0 3 61 0 0
3 0 3 62 0 0
3 0 3 63 0 0
3 0 3 64 0 0
3 0 3 65 0 0
3 0 3 66 0 0
3 0 3 67 0 0
